0 0 0 0 0 0 0 0 0 0 0 0 0 1 0 0 0 0 0 0      0 0 0 0 0 0 0 0 0 0 0 0 0 0 0 1 0 0 0 0      0 0 0 0 0 0 0 0 0 0 0 0 0 0 0 0 1 0 0 0      0 0 0 0 0 0 0 0 1 0 0 0 0 0 0 0 0 0 0 0      116.12      119.03      167.69        
0 0 0 0 0 0 0 0 0 0 0 0 0 0 0 1 0 0 0 0      0 0 0 0 0 0 0 0 0 0 0 0 0 0 0 0 1 0 0 0      0 0 0 0 0 0 0 0 1 0 0 0 0 0 0 0 0 0 0 0      0 0 0 0 0 0 0 0 0 0 0 0 0 1 0 0 0 0 0 0      119.03      110.98      146.2        
0 0 0 0 0 0 0 0 0 0 0 0 0 0 0 0 1 0 0 0      0 0 0 0 0 0 0 0 1 0 0 0 0 0 0 0 0 0 0 0      0 0 0 0 0 0 0 0 0 0 0 0 0 1 0 0 0 0 0 0      0 0 0 0 0 0 0 0 0 0 0 0 1 0 0 0 0 0 0 0      110.98      100.57      173.71        
0 0 0 0 0 0 0 0 1 0 0 0 0 0 0 0 0 0 0 0      0 0 0 0 0 0 0 0 0 0 0 0 0 1 0 0 0 0 0 0      0 0 0 0 0 0 0 0 0 0 0 0 1 0 0 0 0 0 0 0      0 0 0 0 0 0 0 0 0 0 0 0 0 0 0 1 0 0 0 0      100.57      123.59      1.35        
0 0 0 0 0 0 0 0 0 0 0 0 0 1 0 0 0 0 0 0      0 0 0 0 0 0 0 0 0 0 0 0 1 0 0 0 0 0 0 0      0 0 0 0 0 0 0 0 0 0 0 0 0 0 0 1 0 0 0 0      0 0 0 0 1 0 0 0 0 0 0 0 0 0 0 0 0 0 0 0      123.59      129.66      176.55        
0 0 0 0 0 0 0 0 0 0 0 0 1 0 0 0 0 0 0 0      0 0 0 0 0 0 0 0 0 0 0 0 0 0 0 1 0 0 0 0      0 0 0 0 1 0 0 0 0 0 0 0 0 0 0 0 0 0 0 0      0 0 0 0 0 0 0 0 0 1 0 0 0 0 0 0 0 0 0 0      129.66      99.19      165.85        
0 0 0 0 0 0 0 0 0 0 0 0 0 0 0 1 0 0 0 0      0 0 0 0 1 0 0 0 0 0 0 0 0 0 0 0 0 0 0 0      0 0 0 0 0 0 0 0 0 1 0 0 0 0 0 0 0 0 0 0      0 0 0 0 0 0 0 0 0 0 1 0 0 0 0 0 0 0 0 0      99.19      131.61      89.77        
0 0 0 0 1 0 0 0 0 0 0 0 0 0 0 0 0 0 0 0      0 0 0 0 0 0 0 0 0 1 0 0 0 0 0 0 0 0 0 0      0 0 0 0 0 0 0 0 0 0 1 0 0 0 0 0 0 0 0 0      1 0 0 0 0 0 0 0 0 0 0 0 0 0 0 0 0 0 0 0      131.61      119.66      79.23        
0 0 0 0 0 0 0 0 0 1 0 0 0 0 0 0 0 0 0 0      0 0 0 0 0 0 0 0 0 0 1 0 0 0 0 0 0 0 0 0      1 0 0 0 0 0 0 0 0 0 0 0 0 0 0 0 0 0 0 0      1 0 0 0 0 0 0 0 0 0 0 0 0 0 0 0 0 0 0 0      119.66      86.04      110.73        
0 0 0 0 0 0 0 0 0 0 1 0 0 0 0 0 0 0 0 0      1 0 0 0 0 0 0 0 0 0 0 0 0 0 0 0 0 0 0 0      1 0 0 0 0 0 0 0 0 0 0 0 0 0 0 0 0 0 0 0      0 0 0 0 0 0 0 0 0 1 0 0 0 0 0 0 0 0 0 0      86.04      97.49      49.48        
1 0 0 0 0 0 0 0 0 0 0 0 0 0 0 0 0 0 0 0      1 0 0 0 0 0 0 0 0 0 0 0 0 0 0 0 0 0 0 0      0 0 0 0 0 0 0 0 0 1 0 0 0 0 0 0 0 0 0 0      0 0 0 0 0 1 0 0 0 0 0 0 0 0 0 0 0 0 0 0      97.49      85.73      44.26        
1 0 0 0 0 0 0 0 0 0 0 0 0 0 0 0 0 0 0 0      0 0 0 0 0 0 0 0 0 1 0 0 0 0 0 0 0 0 0 0      0 0 0 0 0 1 0 0 0 0 0 0 0 0 0 0 0 0 0 0      0 0 0 0 0 1 0 0 0 0 0 0 0 0 0 0 0 0 0 0      85.73      92.58      57.9        
0 0 0 0 0 0 0 0 0 1 0 0 0 0 0 0 0 0 0 0      0 0 0 0 0 1 0 0 0 0 0 0 0 0 0 0 0 0 0 0      0 0 0 0 0 1 0 0 0 0 0 0 0 0 0 0 0 0 0 0      0 0 0 0 1 0 0 0 0 0 0 0 0 0 0 0 0 0 0 0      92.58      89.42      51.77        
0 0 0 0 0 1 0 0 0 0 0 0 0 0 0 0 0 0 0 0      0 0 0 0 0 1 0 0 0 0 0 0 0 0 0 0 0 0 0 0      0 0 0 0 1 0 0 0 0 0 0 0 0 0 0 0 0 0 0 0      0 0 0 0 0 0 0 0 0 0 1 0 0 0 0 0 0 0 0 0      89.42      90.61      54.95        
0 0 0 0 0 1 0 0 0 0 0 0 0 0 0 0 0 0 0 0      0 0 0 0 1 0 0 0 0 0 0 0 0 0 0 0 0 0 0 0      0 0 0 0 0 0 0 0 0 0 1 0 0 0 0 0 0 0 0 0      0 0 0 0 0 0 0 0 0 0 0 0 0 0 0 0 1 0 0 0      90.61      94.21      56.52        
0 0 0 0 1 0 0 0 0 0 0 0 0 0 0 0 0 0 0 0      0 0 0 0 0 0 0 0 0 0 1 0 0 0 0 0 0 0 0 0      0 0 0 0 0 0 0 0 0 0 0 0 0 0 0 0 1 0 0 0      1 0 0 0 0 0 0 0 0 0 0 0 0 0 0 0 0 0 0 0      94.21      95.59      41.53        
0 0 0 0 0 0 0 0 0 0 1 0 0 0 0 0 0 0 0 0      0 0 0 0 0 0 0 0 0 0 0 0 0 0 0 0 1 0 0 0      1 0 0 0 0 0 0 0 0 0 0 0 0 0 0 0 0 0 0 0      0 0 0 0 0 0 0 0 0 0 0 0 0 0 0 0 0 0 0 1      95.59      92.82      46.39        
0 0 0 0 0 0 0 0 0 0 0 0 0 0 0 0 1 0 0 0      1 0 0 0 0 0 0 0 0 0 0 0 0 0 0 0 0 0 0 0      0 0 0 0 0 0 0 0 0 0 0 0 0 0 0 0 0 0 0 1      0 0 0 0 0 0 0 0 0 0 0 0 0 0 0 1 0 0 0 0      92.82      91.91      48.4        
1 0 0 0 0 0 0 0 0 0 0 0 0 0 0 0 0 0 0 0      0 0 0 0 0 0 0 0 0 0 0 0 0 0 0 0 0 0 0 1      0 0 0 0 0 0 0 0 0 0 0 0 0 0 0 1 0 0 0 0      0 0 1 0 0 0 0 0 0 0 0 0 0 0 0 0 0 0 0 0      91.91      89.14      48.73        
0 0 0 0 0 0 0 0 0 0 0 0 0 0 0 0 0 0 0 1      0 0 0 0 0 0 0 0 0 0 0 0 0 0 0 1 0 0 0 0      0 0 1 0 0 0 0 0 0 0 0 0 0 0 0 0 0 0 0 0      0 0 0 0 0 1 0 0 0 0 0 0 0 0 0 0 0 0 0 0      89.14      93.17      58.01        
0 0 0 0 0 0 0 0 0 0 0 0 0 0 0 1 0 0 0 0      0 0 1 0 0 0 0 0 0 0 0 0 0 0 0 0 0 0 0 0      0 0 0 0 0 1 0 0 0 0 0 0 0 0 0 0 0 0 0 0      0 0 0 0 0 0 0 0 0 0 0 0 0 0 0 1 0 0 0 0      93.17      90.32      47.17        
0 0 1 0 0 0 0 0 0 0 0 0 0 0 0 0 0 0 0 0      0 0 0 0 0 1 0 0 0 0 0 0 0 0 0 0 0 0 0 0      0 0 0 0 0 0 0 0 0 0 0 0 0 0 0 1 0 0 0 0      0 1 0 0 0 0 0 0 0 0 0 0 0 0 0 0 0 0 0 0      90.32      91.53      51.4        
0 0 0 0 0 1 0 0 0 0 0 0 0 0 0 0 0 0 0 0      0 0 0 0 0 0 0 0 0 0 0 0 0 0 0 1 0 0 0 0      0 1 0 0 0 0 0 0 0 0 0 0 0 0 0 0 0 0 0 0      1 0 0 0 0 0 0 0 0 0 0 0 0 0 0 0 0 0 0 0      91.53      91.35      48.01        
0 0 0 0 0 0 0 0 0 0 0 0 0 0 0 1 0 0 0 0      0 1 0 0 0 0 0 0 0 0 0 0 0 0 0 0 0 0 0 0      1 0 0 0 0 0 0 0 0 0 0 0 0 0 0 0 0 0 0 0      0 0 0 0 0 0 0 0 0 0 0 0 0 1 0 0 0 0 0 0      91.35      86.89      53.46        
0 1 0 0 0 0 0 0 0 0 0 0 0 0 0 0 0 0 0 0      1 0 0 0 0 0 0 0 0 0 0 0 0 0 0 0 0 0 0 0      0 0 0 0 0 0 0 0 0 0 0 0 0 1 0 0 0 0 0 0      0 0 0 0 0 0 0 0 0 0 0 1 0 0 0 0 0 0 0 0      86.89      112.99      31.39        
1 0 0 0 0 0 0 0 0 0 0 0 0 0 0 0 0 0 0 0      0 0 0 0 0 0 0 0 0 0 0 0 0 1 0 0 0 0 0 0      0 0 0 0 0 0 0 0 0 0 0 1 0 0 0 0 0 0 0 0      0 0 0 0 0 0 0 0 0 0 0 0 1 0 0 0 0 0 0 0      112.99      131.78      55.0        
0 0 0 0 0 0 0 0 0 0 0 0 0 1 0 0 0 0 0 0      0 0 0 0 0 0 0 0 0 0 0 1 0 0 0 0 0 0 0 0      0 0 0 0 0 0 0 0 0 0 0 0 1 0 0 0 0 0 0 0      0 0 0 0 0 0 0 0 1 0 0 0 0 0 0 0 0 0 0 0      131.78      97.61      170.49        
0 0 0 0 0 0 0 0 0 0 0 1 0 0 0 0 0 0 0 0      0 0 0 0 0 0 0 0 0 0 0 0 1 0 0 0 0 0 0 0      0 0 0 0 0 0 0 0 1 0 0 0 0 0 0 0 0 0 0 0      1 0 0 0 0 0 0 0 0 0 0 0 0 0 0 0 0 0 0 0      97.61      118.81      75.45        
0 0 0 0 0 0 0 0 0 0 0 0 1 0 0 0 0 0 0 0      0 0 0 0 0 0 0 0 1 0 0 0 0 0 0 0 0 0 0 0      1 0 0 0 0 0 0 0 0 0 0 0 0 0 0 0 0 0 0 0      0 0 0 0 0 0 0 0 0 0 0 0 0 1 0 0 0 0 0 0      118.81      92.45      141.85        
0 0 0 0 0 0 0 0 1 0 0 0 0 0 0 0 0 0 0 0      1 0 0 0 0 0 0 0 0 0 0 0 0 0 0 0 0 0 0 0      0 0 0 0 0 0 0 0 0 0 0 0 0 1 0 0 0 0 0 0      0 0 0 0 1 0 0 0 0 0 0 0 0 0 0 0 0 0 0 0      92.45      90.83      58.43        
1 0 0 0 0 0 0 0 0 0 0 0 0 0 0 0 0 0 0 0      0 0 0 0 0 0 0 0 0 0 0 0 0 1 0 0 0 0 0 0      0 0 0 0 1 0 0 0 0 0 0 0 0 0 0 0 0 0 0 0      0 0 0 0 0 0 0 0 1 0 0 0 0 0 0 0 0 0 0 0      90.83      90.8      45.21        
0 0 0 0 0 0 0 0 0 0 0 0 0 1 0 0 0 0 0 0      0 0 0 0 1 0 0 0 0 0 0 0 0 0 0 0 0 0 0 0      0 0 0 0 0 0 0 0 1 0 0 0 0 0 0 0 0 0 0 0      0 0 0 0 0 0 0 0 0 0 0 0 0 0 0 1 0 0 0 0      90.8      88.75      51.63        
0 0 0 0 1 0 0 0 0 0 0 0 0 0 0 0 0 0 0 0      0 0 0 0 0 0 0 0 1 0 0 0 0 0 0 0 0 0 0 0      0 0 0 0 0 0 0 0 0 0 0 0 0 0 0 1 0 0 0 0      0 0 0 0 0 0 0 0 0 0 0 0 0 0 0 1 0 0 0 0      88.75      90.17      49.49        
0 0 0 0 0 0 0 0 1 0 0 0 0 0 0 0 0 0 0 0      0 0 0 0 0 0 0 0 0 0 0 0 0 0 0 1 0 0 0 0      0 0 0 0 0 0 0 0 0 0 0 0 0 0 0 1 0 0 0 0      0 0 0 0 0 0 1 0 0 0 0 0 0 0 0 0 0 0 0 0      90.17      94.32      50.85        
0 0 0 0 0 0 0 0 0 0 0 0 0 0 0 1 0 0 0 0      0 0 0 0 0 0 0 0 0 0 0 0 0 0 0 1 0 0 0 0      0 0 0 0 0 0 1 0 0 0 0 0 0 0 0 0 0 0 0 0      0 0 0 0 0 0 0 0 1 0 0 0 0 0 0 0 0 0 0 0      94.32      92.62      53.06        
0 0 0 0 0 0 0 0 0 0 0 0 0 0 0 1 0 0 0 0      0 0 0 0 0 0 1 0 0 0 0 0 0 0 0 0 0 0 0 0      0 0 0 0 0 0 0 0 1 0 0 0 0 0 0 0 0 0 0 0      0 0 0 0 0 0 0 0 0 0 0 0 0 1 0 0 0 0 0 0      92.62      93.78      43.17        
0 0 0 0 0 0 1 0 0 0 0 0 0 0 0 0 0 0 0 0      0 0 0 0 0 0 0 0 1 0 0 0 0 0 0 0 0 0 0 0      0 0 0 0 0 0 0 0 0 0 0 0 0 1 0 0 0 0 0 0      0 0 0 0 0 0 0 0 0 0 0 0 0 1 0 0 0 0 0 0      93.78      94.7      49.4        
0 0 0 0 0 0 0 0 1 0 0 0 0 0 0 0 0 0 0 0      0 0 0 0 0 0 0 0 0 0 0 0 0 1 0 0 0 0 0 0      0 0 0 0 0 0 0 0 0 0 0 0 0 1 0 0 0 0 0 0      1 0 0 0 0 0 0 0 0 0 0 0 0 0 0 0 0 0 0 0      94.7      91.41      47.81        
0 0 0 0 0 0 0 0 0 0 0 0 0 1 0 0 0 0 0 0      0 0 0 0 0 0 0 0 0 0 0 0 0 1 0 0 0 0 0 0      1 0 0 0 0 0 0 0 0 0 0 0 0 0 0 0 0 0 0 0      0 0 0 0 0 0 0 1 0 0 0 0 0 0 0 0 0 0 0 0      91.41      93.54      52.38        
0 0 0 0 0 0 0 0 0 0 0 0 0 1 0 0 0 0 0 0      1 0 0 0 0 0 0 0 0 0 0 0 0 0 0 0 0 0 0 0      0 0 0 0 0 0 0 1 0 0 0 0 0 0 0 0 0 0 0 0      0 0 0 0 1 0 0 0 0 0 0 0 0 0 0 0 0 0 0 0      93.54      93.15      45.09        
1 0 0 0 0 0 0 0 0 0 0 0 0 0 0 0 0 0 0 0      0 0 0 0 0 0 0 1 0 0 0 0 0 0 0 0 0 0 0 0      0 0 0 0 1 0 0 0 0 0 0 0 0 0 0 0 0 0 0 0      0 0 0 0 0 0 0 0 0 0 0 0 0 1 0 0 0 0 0 0      93.15      85.54      56.54        
0 0 0 0 0 0 0 1 0 0 0 0 0 0 0 0 0 0 0 0      0 0 0 0 1 0 0 0 0 0 0 0 0 0 0 0 0 0 0 0      0 0 0 0 0 0 0 0 0 0 0 0 0 1 0 0 0 0 0 0      0 0 0 0 0 0 0 0 0 0 0 0 0 1 0 0 0 0 0 0      85.54      102.26      42.3        
0 0 0 0 1 0 0 0 0 0 0 0 0 0 0 0 0 0 0 0      0 0 0 0 0 0 0 0 0 0 0 0 0 1 0 0 0 0 0 0      0 0 0 0 0 0 0 0 0 0 0 0 0 1 0 0 0 0 0 0      0 0 0 0 0 0 0 0 0 0 0 1 0 0 0 0 0 0 0 0      102.26      96.47      36.08        
0 0 0 0 0 0 0 0 0 0 0 0 0 1 0 0 0 0 0 0      0 0 0 0 0 0 0 0 0 0 0 0 0 1 0 0 0 0 0 0      0 0 0 0 0 0 0 0 0 0 0 1 0 0 0 0 0 0 0 0      0 0 0 0 0 0 0 0 0 0 0 0 1 0 0 0 0 0 0 0      96.47      103.59      22.34        
0 0 0 0 0 0 0 0 0 0 0 0 0 1 0 0 0 0 0 0      0 0 0 0 0 0 0 0 0 0 0 1 0 0 0 0 0 0 0 0      0 0 0 0 0 0 0 0 0 0 0 0 1 0 0 0 0 0 0 0      0 0 0 1 0 0 0 0 0 0 0 0 0 0 0 0 0 0 0 0      103.59      126.68      112.91        
0 0 0 0 0 0 0 0 0 0 0 1 0 0 0 0 0 0 0 0      0 0 0 0 0 0 0 0 0 0 0 0 1 0 0 0 0 0 0 0      0 0 0 1 0 0 0 0 0 0 0 0 0 0 0 0 0 0 0 0      0 0 1 0 0 0 0 0 0 0 0 0 0 0 0 0 0 0 0 0      126.68      145.16      17.99        
0 0 0 0 0 0 0 0 0 0 0 0 1 0 0 0 0 0 0 0      0 0 0 1 0 0 0 0 0 0 0 0 0 0 0 0 0 0 0 0      0 0 1 0 0 0 0 0 0 0 0 0 0 0 0 0 0 0 0 0      0 0 0 0 0 0 0 0 0 0 0 0 0 0 0 0 0 0 1 0      145.16      118.71      45.82        
0 0 0 1 0 0 0 0 0 0 0 0 0 0 0 0 0 0 0 0      0 0 1 0 0 0 0 0 0 0 0 0 0 0 0 0 0 0 0 0      0 0 0 0 0 0 0 0 0 0 0 0 0 0 0 0 0 0 1 0      0 0 0 0 0 0 1 0 0 0 0 0 0 0 0 0 0 0 0 0      118.71      134.0      142.19        
0 0 1 0 0 0 0 0 0 0 0 0 0 0 0 0 0 0 0 0      0 0 0 0 0 0 0 0 0 0 0 0 0 0 0 0 0 0 1 0      0 0 0 0 0 0 1 0 0 0 0 0 0 0 0 0 0 0 0 0      0 0 0 0 0 0 0 0 0 0 0 0 0 0 0 0 0 0 0 1      134.0      130.01      160.07        
0 0 0 0 0 0 0 0 0 0 0 0 0 0 0 0 0 0 1 0      0 0 0 0 0 0 1 0 0 0 0 0 0 0 0 0 0 0 0 0      0 0 0 0 0 0 0 0 0 0 0 0 0 0 0 0 0 0 0 1      0 0 0 0 0 0 0 0 1 0 0 0 0 0 0 0 0 0 0 0      130.01      136.53      159.44        
0 0 0 0 0 0 1 0 0 0 0 0 0 0 0 0 0 0 0 0      0 0 0 0 0 0 0 0 0 0 0 0 0 0 0 0 0 0 0 1      0 0 0 0 0 0 0 0 1 0 0 0 0 0 0 0 0 0 0 0      0 0 0 0 0 0 0 0 0 0 0 0 0 0 0 0 1 0 0 0      136.53      124.5      171.65        
0 0 0 0 0 0 0 0 0 0 0 0 0 0 0 0 0 0 0 1      0 0 0 0 0 0 0 0 1 0 0 0 0 0 0 0 0 0 0 0      0 0 0 0 0 0 0 0 0 0 0 0 0 0 0 0 1 0 0 0      0 0 0 0 0 0 0 0 0 0 0 0 0 0 0 0 0 1 0 0      124.5      126.84      177.72        
0 0 0 0 0 0 0 0 1 0 0 0 0 0 0 0 0 0 0 0      0 0 0 0 0 0 0 0 0 0 0 0 0 0 0 0 1 0 0 0      0 0 0 0 0 0 0 0 0 0 0 0 0 0 0 0 0 1 0 0      0 0 0 0 0 0 0 0 0 0 0 0 0 0 1 0 0 0 0 0      126.84      152.54      95.15        
0 0 0 0 0 0 0 0 0 0 0 0 0 0 0 0 1 0 0 0      0 0 0 0 0 0 0 0 0 0 0 0 0 0 0 0 0 1 0 0      0 0 0 0 0 0 0 0 0 0 0 0 0 0 1 0 0 0 0 0      0 0 0 0 0 0 0 0 0 0 0 0 1 0 0 0 0 0 0 0      152.54      101.0      108.53        
0 0 0 0 0 0 0 0 0 0 0 0 0 0 0 0 0 1 0 0      0 0 0 0 0 0 0 0 0 0 0 0 0 0 1 0 0 0 0 0      0 0 0 0 0 0 0 0 0 0 0 0 1 0 0 0 0 0 0 0      0 0 0 0 0 0 0 1 0 0 0 0 0 0 0 0 0 0 0 0      101.0      126.08      35.46        
0 0 0 0 0 0 0 0 0 0 0 0 0 0 1 0 0 0 0 0      0 0 0 0 0 0 0 0 0 0 0 0 1 0 0 0 0 0 0 0      0 0 0 0 0 0 0 1 0 0 0 0 0 0 0 0 0 0 0 0      0 0 0 0 0 0 0 0 0 0 0 0 0 0 0 0 0 1 0 0      126.08      144.52      96.95        
0 0 0 0 0 0 0 0 0 0 0 0 1 0 0 0 0 0 0 0      0 0 0 0 0 0 0 1 0 0 0 0 0 0 0 0 0 0 0 0      0 0 0 0 0 0 0 0 0 0 0 0 0 0 0 0 0 1 0 0      0 0 0 0 0 0 0 0 0 0 1 0 0 0 0 0 0 0 0 0      144.52      124.96      142.3        
0 0 0 0 0 0 0 1 0 0 0 0 0 0 0 0 0 0 0 0      0 0 0 0 0 0 0 0 0 0 0 0 0 0 0 0 0 1 0 0      0 0 0 0 0 0 0 0 0 0 1 0 0 0 0 0 0 0 0 0      0 0 0 0 0 0 0 0 0 0 0 1 0 0 0 0 0 0 0 0      124.96      144.61      177.13        
0 0 0 0 0 0 0 0 0 0 0 0 0 0 0 0 0 1 0 0      0 0 0 0 0 0 0 0 0 0 1 0 0 0 0 0 0 0 0 0      0 0 0 0 0 0 0 0 0 0 0 1 0 0 0 0 0 0 0 0      0 0 0 0 0 0 0 0 0 0 0 0 0 0 0 0 1 0 0 0      144.61      119.39      159.99        
0 0 0 0 0 0 0 0 0 0 1 0 0 0 0 0 0 0 0 0      0 0 0 0 0 0 0 0 0 0 0 1 0 0 0 0 0 0 0 0      0 0 0 0 0 0 0 0 0 0 0 0 0 0 0 0 1 0 0 0      0 0 1 0 0 0 0 0 0 0 0 0 0 0 0 0 0 0 0 0      119.39      143.71      160.8        
0 0 0 0 0 0 0 0 0 0 0 1 0 0 0 0 0 0 0 0      0 0 0 0 0 0 0 0 0 0 0 0 0 0 0 0 1 0 0 0      0 0 1 0 0 0 0 0 0 0 0 0 0 0 0 0 0 0 0 0      0 0 0 0 0 0 1 0 0 0 0 0 0 0 0 0 0 0 0 0      143.71      116.06      124.46        
0 0 0 0 0 0 0 0 0 0 0 0 0 0 0 0 1 0 0 0      0 0 1 0 0 0 0 0 0 0 0 0 0 0 0 0 0 0 0 0      0 0 0 0 0 0 1 0 0 0 0 0 0 0 0 0 0 0 0 0      1 0 0 0 0 0 0 0 0 0 0 0 0 0 0 0 0 0 0 0      116.06      142.26      168.43        
0 0 1 0 0 0 0 0 0 0 0 0 0 0 0 0 0 0 0 0      0 0 0 0 0 0 1 0 0 0 0 0 0 0 0 0 0 0 0 0      1 0 0 0 0 0 0 0 0 0 0 0 0 0 0 0 0 0 0 0      0 0 1 0 0 0 0 0 0 0 0 0 0 0 0 0 0 0 0 0      142.26      111.5      97.59        
0 0 0 0 0 0 1 0 0 0 0 0 0 0 0 0 0 0 0 0      1 0 0 0 0 0 0 0 0 0 0 0 0 0 0 0 0 0 0 0      0 0 1 0 0 0 0 0 0 0 0 0 0 0 0 0 0 0 0 0      0 0 0 0 0 0 0 0 0 0 0 0 0 1 0 0 0 0 0 0      111.5      115.95      103.61        
1 0 0 0 0 0 0 0 0 0 0 0 0 0 0 0 0 0 0 0      0 0 1 0 0 0 0 0 0 0 0 0 0 0 0 0 0 0 0 0      0 0 0 0 0 0 0 0 0 0 0 0 0 1 0 0 0 0 0 0      0 0 0 0 0 0 1 0 0 0 0 0 0 0 0 0 0 0 0 0      115.95      87.03      25.79        
0 0 1 0 0 0 0 0 0 0 0 0 0 0 0 0 0 0 0 0      0 0 0 0 0 0 0 0 0 0 0 0 0 1 0 0 0 0 0 0      0 0 0 0 0 0 1 0 0 0 0 0 0 0 0 0 0 0 0 0      0 0 0 0 0 0 0 1 0 0 0 0 0 0 0 0 0 0 0 0      87.03      104.88      88.04        
0 0 0 0 0 0 0 0 0 0 0 0 0 1 0 0 0 0 0 0      0 0 0 0 0 0 1 0 0 0 0 0 0 0 0 0 0 0 0 0      0 0 0 0 0 0 0 1 0 0 0 0 0 0 0 0 0 0 0 0      0 0 0 0 0 0 0 0 1 0 0 0 0 0 0 0 0 0 0 0      104.88      136.09      93.12        
0 0 0 0 0 0 1 0 0 0 0 0 0 0 0 0 0 0 0 0      0 0 0 0 0 0 0 1 0 0 0 0 0 0 0 0 0 0 0 0      0 0 0 0 0 0 0 0 1 0 0 0 0 0 0 0 0 0 0 0      0 0 0 0 0 0 0 0 0 0 0 1 0 0 0 0 0 0 0 0      136.09      135.34      170.68        
0 0 0 0 0 0 0 1 0 0 0 0 0 0 0 0 0 0 0 0      0 0 0 0 0 0 0 0 1 0 0 0 0 0 0 0 0 0 0 0      0 0 0 0 0 0 0 0 0 0 0 1 0 0 0 0 0 0 0 0      0 0 0 0 0 0 0 1 0 0 0 0 0 0 0 0 0 0 0 0      135.34      117.24      178.14        
0 0 0 0 0 0 0 0 1 0 0 0 0 0 0 0 0 0 0 0      0 0 0 0 0 0 0 0 0 0 0 1 0 0 0 0 0 0 0 0      0 0 0 0 0 0 0 1 0 0 0 0 0 0 0 0 0 0 0 0      0 0 0 0 0 0 0 0 0 0 0 1 0 0 0 0 0 0 0 0      117.24      149.26      145.89        
0 0 0 0 0 0 0 0 0 0 0 1 0 0 0 0 0 0 0 0      0 0 0 0 0 0 0 1 0 0 0 0 0 0 0 0 0 0 0 0      0 0 0 0 0 0 0 0 0 0 0 1 0 0 0 0 0 0 0 0      0 1 0 0 0 0 0 0 0 0 0 0 0 0 0 0 0 0 0 0      149.26      124.95      109.62        
0 0 0 0 0 0 0 1 0 0 0 0 0 0 0 0 0 0 0 0      0 0 0 0 0 0 0 0 0 0 0 1 0 0 0 0 0 0 0 0      0 1 0 0 0 0 0 0 0 0 0 0 0 0 0 0 0 0 0 0      0 0 0 0 0 0 0 0 0 0 0 0 0 0 0 0 0 1 0 0      124.95      121.76      169.96        
0 0 0 0 0 0 0 0 0 0 0 1 0 0 0 0 0 0 0 0      0 1 0 0 0 0 0 0 0 0 0 0 0 0 0 0 0 0 0 0      0 0 0 0 0 0 0 0 0 0 0 0 0 0 0 0 0 1 0 0      0 0 0 0 0 1 0 0 0 0 0 0 0 0 0 0 0 0 0 0      121.76      105.3      29.65        
0 1 0 0 0 0 0 0 0 0 0 0 0 0 0 0 0 0 0 0      0 0 0 0 0 0 0 0 0 0 0 0 0 0 0 0 0 1 0 0      0 0 0 0 0 1 0 0 0 0 0 0 0 0 0 0 0 0 0 0      0 0 0 0 0 0 0 0 0 0 0 0 0 0 0 0 1 0 0 0      105.3      93.65      37.99        
0 0 0 0 0 0 0 0 0 0 0 0 0 0 0 0 0 1 0 0      0 0 0 0 0 1 0 0 0 0 0 0 0 0 0 0 0 0 0 0      0 0 0 0 0 0 0 0 0 0 0 0 0 0 0 0 1 0 0 0      0 0 0 0 0 0 0 0 0 0 0 0 0 0 0 1 0 0 0 0      93.65      133.23      88.59        
0 0 0 0 0 1 0 0 0 0 0 0 0 0 0 0 0 0 0 0      0 0 0 0 0 0 0 0 0 0 0 0 0 0 0 0 1 0 0 0      0 0 0 0 0 0 0 0 0 0 0 0 0 0 0 1 0 0 0 0      0 0 0 0 0 0 0 0 1 0 0 0 0 0 0 0 0 0 0 0      133.23      122.42      138.08        
0 0 0 0 0 0 0 0 0 0 0 0 0 0 0 0 1 0 0 0      0 0 0 0 0 0 0 0 0 0 0 0 0 0 0 1 0 0 0 0      0 0 0 0 0 0 0 0 1 0 0 0 0 0 0 0 0 0 0 0      0 1 0 0 0 0 0 0 0 0 0 0 0 0 0 0 0 0 0 0      122.42      128.5      156.43        
0 0 0 0 0 0 0 0 0 0 0 0 0 0 0 1 0 0 0 0      0 0 0 0 0 0 0 0 1 0 0 0 0 0 0 0 0 0 0 0      0 1 0 0 0 0 0 0 0 0 0 0 0 0 0 0 0 0 0 0      0 1 0 0 0 0 0 0 0 0 0 0 0 0 0 0 0 0 0 0      128.5      113.69      169.48        
0 0 0 0 0 0 0 0 1 0 0 0 0 0 0 0 0 0 0 0      0 1 0 0 0 0 0 0 0 0 0 0 0 0 0 0 0 0 0 0      0 1 0 0 0 0 0 0 0 0 0 0 0 0 0 0 0 0 0 0      0 0 0 0 0 0 0 1 0 0 0 0 0 0 0 0 0 0 0 0      113.69      122.64      173.32        
0 1 0 0 0 0 0 0 0 0 0 0 0 0 0 0 0 0 0 0      0 1 0 0 0 0 0 0 0 0 0 0 0 0 0 0 0 0 0 0      0 0 0 0 0 0 0 1 0 0 0 0 0 0 0 0 0 0 0 0      0 0 0 0 0 0 0 0 0 0 0 0 0 1 0 0 0 0 0 0      122.64      142.49      151.84        
0 1 0 0 0 0 0 0 0 0 0 0 0 0 0 0 0 0 0 0      0 0 0 0 0 0 0 1 0 0 0 0 0 0 0 0 0 0 0 0      0 0 0 0 0 0 0 0 0 0 0 0 0 1 0 0 0 0 0 0      0 0 0 0 0 0 0 0 0 0 1 0 0 0 0 0 0 0 0 0      142.49      125.58      129.16        
0 0 0 0 0 0 0 1 0 0 0 0 0 0 0 0 0 0 0 0      0 0 0 0 0 0 0 0 0 0 0 0 0 1 0 0 0 0 0 0      0 0 0 0 0 0 0 0 0 0 1 0 0 0 0 0 0 0 0 0      0 0 0 0 0 0 0 0 0 0 0 0 0 0 0 0 0 1 0 0      125.58      118.63      167.22        
0 0 0 0 0 0 0 0 0 0 0 0 0 1 0 0 0 0 0 0      0 0 0 0 0 0 0 0 0 0 1 0 0 0 0 0 0 0 0 0      0 0 0 0 0 0 0 0 0 0 0 0 0 0 0 0 0 1 0 0      0 0 0 0 0 0 0 0 0 0 0 0 0 1 0 0 0 0 0 0      118.63      60.7      68.54        
0 0 0 0 0 0 0 0 0 0 1 0 0 0 0 0 0 0 0 0      0 0 0 0 0 0 0 0 0 0 0 0 0 0 0 0 0 1 0 0      0 0 0 0 0 0 0 0 0 0 0 0 0 1 0 0 0 0 0 0      0 0 0 0 0 0 0 0 0 0 0 0 0 0 0 1 0 0 0 0      60.7      94.66      153.84        
0 0 0 0 0 0 0 0 0 0 0 0 0 0 0 0 0 1 0 0      0 0 0 0 0 0 0 0 0 0 0 0 0 1 0 0 0 0 0 0      0 0 0 0 0 0 0 0 0 0 0 0 0 0 0 1 0 0 0 0      0 0 0 0 0 0 0 0 0 0 0 0 0 0 0 0 1 0 0 0      94.66      118.87      161.34        
0 0 0 0 0 0 0 0 0 0 0 0 0 1 0 0 0 0 0 0      0 0 0 0 0 0 0 0 0 0 0 0 0 0 0 1 0 0 0 0      0 0 0 0 0 0 0 0 0 0 0 0 0 0 0 0 1 0 0 0      0 0 0 0 0 0 0 0 1 0 0 0 0 0 0 0 0 0 0 0      118.87      115.48      169.12        
0 0 0 0 0 0 0 0 0 0 0 0 0 0 0 1 0 0 0 0      0 0 0 0 0 0 0 0 0 0 0 0 0 0 0 0 1 0 0 0      0 0 0 0 0 0 0 0 1 0 0 0 0 0 0 0 0 0 0 0      0 0 0 0 0 0 0 0 0 0 0 0 0 1 0 0 0 0 0 0      115.48      103.88      146.23        
0 0 0 0 0 0 0 0 0 0 0 0 0 0 0 0 1 0 0 0      0 0 0 0 0 0 0 0 1 0 0 0 0 0 0 0 0 0 0 0      0 0 0 0 0 0 0 0 0 0 0 0 0 1 0 0 0 0 0 0      0 0 0 0 0 0 0 0 0 0 0 0 1 0 0 0 0 0 0 0      103.88      98.66      172.94        
0 0 0 0 0 0 0 0 1 0 0 0 0 0 0 0 0 0 0 0      0 0 0 0 0 0 0 0 0 0 0 0 0 1 0 0 0 0 0 0      0 0 0 0 0 0 0 0 0 0 0 0 1 0 0 0 0 0 0 0      0 0 0 0 0 0 0 0 0 0 0 0 0 0 0 1 0 0 0 0      98.66      124.95      2.68        
0 0 0 0 0 0 0 0 0 0 0 0 0 1 0 0 0 0 0 0      0 0 0 0 0 0 0 0 0 0 0 0 1 0 0 0 0 0 0 0      0 0 0 0 0 0 0 0 0 0 0 0 0 0 0 1 0 0 0 0      0 0 0 0 1 0 0 0 0 0 0 0 0 0 0 0 0 0 0 0      124.95      135.77      164.43        
0 0 0 0 0 0 0 0 0 0 0 0 1 0 0 0 0 0 0 0      0 0 0 0 0 0 0 0 0 0 0 0 0 0 0 1 0 0 0 0      0 0 0 0 1 0 0 0 0 0 0 0 0 0 0 0 0 0 0 0      0 0 0 0 0 0 0 0 0 1 0 0 0 0 0 0 0 0 0 0      135.77      99.65      170.98        
0 0 0 0 0 0 0 0 0 0 0 0 0 0 0 1 0 0 0 0      0 0 0 0 1 0 0 0 0 0 0 0 0 0 0 0 0 0 0 0      0 0 0 0 0 0 0 0 0 1 0 0 0 0 0 0 0 0 0 0      0 0 0 0 0 0 0 0 0 0 1 0 0 0 0 0 0 0 0 0      99.65      133.07      97.96        
0 0 0 0 1 0 0 0 0 0 0 0 0 0 0 0 0 0 0 0      0 0 0 0 0 0 0 0 0 1 0 0 0 0 0 0 0 0 0 0      0 0 0 0 0 0 0 0 0 0 1 0 0 0 0 0 0 0 0 0      1 0 0 0 0 0 0 0 0 0 0 0 0 0 0 0 0 0 0 0      133.07      118.57      81.24        
0 0 0 0 0 0 0 0 0 1 0 0 0 0 0 0 0 0 0 0      0 0 0 0 0 0 0 0 0 0 1 0 0 0 0 0 0 0 0 0      1 0 0 0 0 0 0 0 0 0 0 0 0 0 0 0 0 0 0 0      1 0 0 0 0 0 0 0 0 0 0 0 0 0 0 0 0 0 0 0      118.57      86.42      110.88        
0 0 0 0 0 0 0 0 0 0 1 0 0 0 0 0 0 0 0 0      1 0 0 0 0 0 0 0 0 0 0 0 0 0 0 0 0 0 0 0      1 0 0 0 0 0 0 0 0 0 0 0 0 0 0 0 0 0 0 0      0 0 0 0 0 0 0 0 0 1 0 0 0 0 0 0 0 0 0 0      86.42      97.19      51.67        
1 0 0 0 0 0 0 0 0 0 0 0 0 0 0 0 0 0 0 0      1 0 0 0 0 0 0 0 0 0 0 0 0 0 0 0 0 0 0 0      0 0 0 0 0 0 0 0 0 1 0 0 0 0 0 0 0 0 0 0      0 0 0 0 0 1 0 0 0 0 0 0 0 0 0 0 0 0 0 0      97.19      86.11      42.6        
1 0 0 0 0 0 0 0 0 0 0 0 0 0 0 0 0 0 0 0      0 0 0 0 0 0 0 0 0 1 0 0 0 0 0 0 0 0 0 0      0 0 0 0 0 1 0 0 0 0 0 0 0 0 0 0 0 0 0 0      0 0 0 0 0 1 0 0 0 0 0 0 0 0 0 0 0 0 0 0      86.11      86.21      56.14        
0 0 0 0 0 0 0 0 0 1 0 0 0 0 0 0 0 0 0 0      0 0 0 0 0 1 0 0 0 0 0 0 0 0 0 0 0 0 0 0      0 0 0 0 0 1 0 0 0 0 0 0 0 0 0 0 0 0 0 0      0 0 0 0 1 0 0 0 0 0 0 0 0 0 0 0 0 0 0 0      86.21      94.78      51.9        
0 0 0 0 0 1 0 0 0 0 0 0 0 0 0 0 0 0 0 0      0 0 0 0 0 1 0 0 0 0 0 0 0 0 0 0 0 0 0 0      0 0 0 0 1 0 0 0 0 0 0 0 0 0 0 0 0 0 0 0      0 0 0 0 0 0 0 0 0 0 1 0 0 0 0 0 0 0 0 0      94.78      91.5      46.16        
0 0 0 0 0 1 0 0 0 0 0 0 0 0 0 0 0 0 0 0      0 0 0 0 1 0 0 0 0 0 0 0 0 0 0 0 0 0 0 0      0 0 0 0 0 0 0 0 0 0 1 0 0 0 0 0 0 0 0 0      0 0 0 0 0 0 0 0 0 0 0 0 0 0 0 0 1 0 0 0      91.5      90.89      59.5        
0 0 0 0 1 0 0 0 0 0 0 0 0 0 0 0 0 0 0 0      0 0 0 0 0 0 0 0 0 0 1 0 0 0 0 0 0 0 0 0      0 0 0 0 0 0 0 0 0 0 0 0 0 0 0 0 1 0 0 0      1 0 0 0 0 0 0 0 0 0 0 0 0 0 0 0 0 0 0 0      90.89      94.85      39.06        
0 0 0 0 0 0 0 0 0 0 1 0 0 0 0 0 0 0 0 0      0 0 0 0 0 0 0 0 0 0 0 0 0 0 0 0 1 0 0 0      1 0 0 0 0 0 0 0 0 0 0 0 0 0 0 0 0 0 0 0      0 0 0 0 0 0 0 0 0 0 0 0 0 0 0 0 0 0 0 1      94.85      91.21      48.55        
0 0 0 0 0 0 0 0 0 0 0 0 0 0 0 0 1 0 0 0      1 0 0 0 0 0 0 0 0 0 0 0 0 0 0 0 0 0 0 0      0 0 0 0 0 0 0 0 0 0 0 0 0 0 0 0 0 0 0 1      0 0 0 0 0 0 0 0 0 0 0 0 0 0 0 1 0 0 0 0      91.21      93.94      46.57        
1 0 0 0 0 0 0 0 0 0 0 0 0 0 0 0 0 0 0 0      0 0 0 0 0 0 0 0 0 0 0 0 0 0 0 0 0 0 0 1      0 0 0 0 0 0 0 0 0 0 0 0 0 0 0 1 0 0 0 0      0 0 1 0 0 0 0 0 0 0 0 0 0 0 0 0 0 0 0 0      93.94      90.44      48.59        
0 0 0 0 0 0 0 0 0 0 0 0 0 0 0 0 0 0 0 1      0 0 0 0 0 0 0 0 0 0 0 0 0 0 0 1 0 0 0 0      0 0 1 0 0 0 0 0 0 0 0 0 0 0 0 0 0 0 0 0      0 0 0 0 0 1 0 0 0 0 0 0 0 0 0 0 0 0 0 0      90.44      92.29      55.46        
0 0 0 0 0 0 0 0 0 0 0 0 0 0 0 1 0 0 0 0      0 0 1 0 0 0 0 0 0 0 0 0 0 0 0 0 0 0 0 0      0 0 0 0 0 1 0 0 0 0 0 0 0 0 0 0 0 0 0 0      0 0 0 0 0 0 0 0 0 0 0 0 0 0 0 1 0 0 0 0      92.29      89.9      46.78        
0 0 1 0 0 0 0 0 0 0 0 0 0 0 0 0 0 0 0 0      0 0 0 0 0 1 0 0 0 0 0 0 0 0 0 0 0 0 0 0      0 0 0 0 0 0 0 0 0 0 0 0 0 0 0 1 0 0 0 0      0 1 0 0 0 0 0 0 0 0 0 0 0 0 0 0 0 0 0 0      89.9      94.53      51.53        
0 0 0 0 0 1 0 0 0 0 0 0 0 0 0 0 0 0 0 0      0 0 0 0 0 0 0 0 0 0 0 0 0 0 0 1 0 0 0 0      0 1 0 0 0 0 0 0 0 0 0 0 0 0 0 0 0 0 0 0      1 0 0 0 0 0 0 0 0 0 0 0 0 0 0 0 0 0 0 0      94.53      91.62      50.94        
0 0 0 0 0 0 0 0 0 0 0 0 0 0 0 1 0 0 0 0      0 1 0 0 0 0 0 0 0 0 0 0 0 0 0 0 0 0 0 0      1 0 0 0 0 0 0 0 0 0 0 0 0 0 0 0 0 0 0 0      0 0 0 0 0 0 0 0 0 0 0 0 0 1 0 0 0 0 0 0      91.62      90.75      48.15        
0 1 0 0 0 0 0 0 0 0 0 0 0 0 0 0 0 0 0 0      1 0 0 0 0 0 0 0 0 0 0 0 0 0 0 0 0 0 0 0      0 0 0 0 0 0 0 0 0 0 0 0 0 1 0 0 0 0 0 0      0 0 0 0 0 0 0 0 0 0 0 1 0 0 0 0 0 0 0 0      90.75      104.51      43.31        
1 0 0 0 0 0 0 0 0 0 0 0 0 0 0 0 0 0 0 0      0 0 0 0 0 0 0 0 0 0 0 0 0 1 0 0 0 0 0 0      0 0 0 0 0 0 0 0 0 0 0 1 0 0 0 0 0 0 0 0      0 0 0 0 0 0 0 0 0 0 0 0 1 0 0 0 0 0 0 0      104.51      135.26      41.58        
0 0 0 0 0 0 0 0 0 0 0 0 0 1 0 0 0 0 0 0      0 0 0 0 0 0 0 0 0 0 0 1 0 0 0 0 0 0 0 0      0 0 0 0 0 0 0 0 0 0 0 0 1 0 0 0 0 0 0 0      0 0 0 0 0 0 0 0 1 0 0 0 0 0 0 0 0 0 0 0      135.26      99.02      163.66        
0 0 0 0 0 0 0 0 0 0 0 1 0 0 0 0 0 0 0 0      0 0 0 0 0 0 0 0 0 0 0 0 1 0 0 0 0 0 0 0      0 0 0 0 0 0 0 0 1 0 0 0 0 0 0 0 0 0 0 0      1 0 0 0 0 0 0 0 0 0 0 0 0 0 0 0 0 0 0 0      99.02      119.12      76.61        
0 0 0 0 0 0 0 0 0 0 0 0 1 0 0 0 0 0 0 0      0 0 0 0 0 0 0 0 1 0 0 0 0 0 0 0 0 0 0 0      1 0 0 0 0 0 0 0 0 0 0 0 0 0 0 0 0 0 0 0      0 0 0 0 0 0 0 0 0 0 0 0 0 1 0 0 0 0 0 0      119.12      90.79      141.4        
0 0 0 0 0 0 0 0 1 0 0 0 0 0 0 0 0 0 0 0      1 0 0 0 0 0 0 0 0 0 0 0 0 0 0 0 0 0 0 0      0 0 0 0 0 0 0 0 0 0 0 0 0 1 0 0 0 0 0 0      0 0 0 0 1 0 0 0 0 0 0 0 0 0 0 0 0 0 0 0      90.79      91.46      58.02        
1 0 0 0 0 0 0 0 0 0 0 0 0 0 0 0 0 0 0 0      0 0 0 0 0 0 0 0 0 0 0 0 0 1 0 0 0 0 0 0      0 0 0 0 1 0 0 0 0 0 0 0 0 0 0 0 0 0 0 0      0 0 0 0 0 0 0 0 1 0 0 0 0 0 0 0 0 0 0 0      91.46      92.16      42.18        
0 0 0 0 0 0 0 0 0 0 0 0 0 1 0 0 0 0 0 0      0 0 0 0 1 0 0 0 0 0 0 0 0 0 0 0 0 0 0 0      0 0 0 0 0 0 0 0 1 0 0 0 0 0 0 0 0 0 0 0      0 0 0 0 0 0 0 0 0 0 0 0 0 0 0 1 0 0 0 0      92.16      89.34      53.46        
0 0 0 0 1 0 0 0 0 0 0 0 0 0 0 0 0 0 0 0      0 0 0 0 0 0 0 0 1 0 0 0 0 0 0 0 0 0 0 0      0 0 0 0 0 0 0 0 0 0 0 0 0 0 0 1 0 0 0 0      0 0 0 0 0 0 0 0 0 0 0 0 0 0 0 1 0 0 0 0      89.34      90.17      45.6        
0 0 0 0 0 0 0 0 1 0 0 0 0 0 0 0 0 0 0 0      0 0 0 0 0 0 0 0 0 0 0 0 0 0 0 1 0 0 0 0      0 0 0 0 0 0 0 0 0 0 0 0 0 0 0 1 0 0 0 0      0 0 0 0 0 0 1 0 0 0 0 0 0 0 0 0 0 0 0 0      90.17      88.92      54.23        
0 0 0 0 0 0 0 0 0 0 0 0 0 0 0 1 0 0 0 0      0 0 0 0 0 0 0 0 0 0 0 0 0 0 0 1 0 0 0 0      0 0 0 0 0 0 1 0 0 0 0 0 0 0 0 0 0 0 0 0      0 0 0 0 0 0 0 0 1 0 0 0 0 0 0 0 0 0 0 0      88.92      95.48      50.77        
0 0 0 0 0 0 0 0 0 0 0 0 0 0 0 1 0 0 0 0      0 0 0 0 0 0 1 0 0 0 0 0 0 0 0 0 0 0 0 0      0 0 0 0 0 0 0 0 1 0 0 0 0 0 0 0 0 0 0 0      0 0 0 0 0 0 0 0 0 0 0 0 0 1 0 0 0 0 0 0      95.48      91.03      43.21        
0 0 0 0 0 0 1 0 0 0 0 0 0 0 0 0 0 0 0 0      0 0 0 0 0 0 0 0 1 0 0 0 0 0 0 0 0 0 0 0      0 0 0 0 0 0 0 0 0 0 0 0 0 1 0 0 0 0 0 0      0 0 0 0 0 0 0 0 0 0 0 0 0 1 0 0 0 0 0 0      91.03      96.55      52.64        
0 0 0 0 0 0 0 0 1 0 0 0 0 0 0 0 0 0 0 0      0 0 0 0 0 0 0 0 0 0 0 0 0 1 0 0 0 0 0 0      0 0 0 0 0 0 0 0 0 0 0 0 0 1 0 0 0 0 0 0      1 0 0 0 0 0 0 0 0 0 0 0 0 0 0 0 0 0 0 0      96.55      94.58      46.98        
0 0 0 0 0 0 0 0 0 0 0 0 0 1 0 0 0 0 0 0      0 0 0 0 0 0 0 0 0 0 0 0 0 1 0 0 0 0 0 0      1 0 0 0 0 0 0 0 0 0 0 0 0 0 0 0 0 0 0 0      0 0 0 0 0 0 0 1 0 0 0 0 0 0 0 0 0 0 0 0      94.58      93.21      53.68        
0 0 0 0 0 0 0 0 0 0 0 0 0 1 0 0 0 0 0 0      1 0 0 0 0 0 0 0 0 0 0 0 0 0 0 0 0 0 0 0      0 0 0 0 0 0 0 1 0 0 0 0 0 0 0 0 0 0 0 0      0 0 0 0 1 0 0 0 0 0 0 0 0 0 0 0 0 0 0 0      93.21      93.24      45.92        
1 0 0 0 0 0 0 0 0 0 0 0 0 0 0 0 0 0 0 0      0 0 0 0 0 0 0 1 0 0 0 0 0 0 0 0 0 0 0 0      0 0 0 0 1 0 0 0 0 0 0 0 0 0 0 0 0 0 0 0      0 0 0 0 0 0 0 0 0 0 0 0 0 1 0 0 0 0 0 0      93.24      84.94      53.86        
0 0 0 0 0 0 0 1 0 0 0 0 0 0 0 0 0 0 0 0      0 0 0 0 1 0 0 0 0 0 0 0 0 0 0 0 0 0 0 0      0 0 0 0 0 0 0 0 0 0 0 0 0 1 0 0 0 0 0 0      0 0 0 0 0 0 0 0 0 0 0 0 0 1 0 0 0 0 0 0      84.94      100.01      44.09        
0 0 0 0 1 0 0 0 0 0 0 0 0 0 0 0 0 0 0 0      0 0 0 0 0 0 0 0 0 0 0 0 0 1 0 0 0 0 0 0      0 0 0 0 0 0 0 0 0 0 0 0 0 1 0 0 0 0 0 0      0 0 0 0 0 0 0 0 0 0 0 1 0 0 0 0 0 0 0 0      100.01      96.97      30.36        
0 0 0 0 0 0 0 0 0 0 0 0 0 1 0 0 0 0 0 0      0 0 0 0 0 0 0 0 0 0 0 0 0 1 0 0 0 0 0 0      0 0 0 0 0 0 0 0 0 0 0 1 0 0 0 0 0 0 0 0      0 0 0 0 0 0 0 0 0 0 0 0 1 0 0 0 0 0 0 0      96.97      101.96      26.7        
0 0 0 0 0 0 0 0 0 0 0 0 0 1 0 0 0 0 0 0      0 0 0 0 0 0 0 0 0 0 0 1 0 0 0 0 0 0 0 0      0 0 0 0 0 0 0 0 0 0 0 0 1 0 0 0 0 0 0 0      0 0 0 1 0 0 0 0 0 0 0 0 0 0 0 0 0 0 0 0      101.96      125.79      116.15        
0 0 0 0 0 0 0 0 0 0 0 1 0 0 0 0 0 0 0 0      0 0 0 0 0 0 0 0 0 0 0 0 1 0 0 0 0 0 0 0      0 0 0 1 0 0 0 0 0 0 0 0 0 0 0 0 0 0 0 0      0 0 1 0 0 0 0 0 0 0 0 0 0 0 0 0 0 0 0 0      125.79      145.56      17.59        
0 0 0 0 0 0 0 0 0 0 0 0 1 0 0 0 0 0 0 0      0 0 0 1 0 0 0 0 0 0 0 0 0 0 0 0 0 0 0 0      0 0 1 0 0 0 0 0 0 0 0 0 0 0 0 0 0 0 0 0      0 0 0 0 0 0 0 0 0 0 0 0 0 0 0 0 0 0 1 0      145.56      117.17      42.13        
0 0 0 1 0 0 0 0 0 0 0 0 0 0 0 0 0 0 0 0      0 0 1 0 0 0 0 0 0 0 0 0 0 0 0 0 0 0 0 0      0 0 0 0 0 0 0 0 0 0 0 0 0 0 0 0 0 0 1 0      0 0 0 0 0 0 1 0 0 0 0 0 0 0 0 0 0 0 0 0      117.17      133.79      146.49        
0 0 1 0 0 0 0 0 0 0 0 0 0 0 0 0 0 0 0 0      0 0 0 0 0 0 0 0 0 0 0 0 0 0 0 0 0 0 1 0      0 0 0 0 0 0 1 0 0 0 0 0 0 0 0 0 0 0 0 0      0 0 0 0 0 0 0 0 0 0 0 0 0 0 0 0 0 0 0 1      133.79      131.26      159.88        
0 0 0 0 0 0 0 0 0 0 0 0 0 0 0 0 0 0 1 0      0 0 0 0 0 0 1 0 0 0 0 0 0 0 0 0 0 0 0 0      0 0 0 0 0 0 0 0 0 0 0 0 0 0 0 0 0 0 0 1      0 0 0 0 0 0 0 0 1 0 0 0 0 0 0 0 0 0 0 0      131.26      136.54      166.66        
0 0 0 0 0 0 1 0 0 0 0 0 0 0 0 0 0 0 0 0      0 0 0 0 0 0 0 0 0 0 0 0 0 0 0 0 0 0 0 1      0 0 0 0 0 0 0 0 1 0 0 0 0 0 0 0 0 0 0 0      0 0 0 0 0 0 0 0 0 0 0 0 0 0 0 0 1 0 0 0      136.54      122.94      171.64        
0 0 0 0 0 0 0 0 0 0 0 0 0 0 0 0 0 0 0 1      0 0 0 0 0 0 0 0 1 0 0 0 0 0 0 0 0 0 0 0      0 0 0 0 0 0 0 0 0 0 0 0 0 0 0 0 1 0 0 0      0 0 0 0 0 0 0 0 0 0 0 0 0 0 0 0 0 1 0 0      122.94      124.19      171.81        
0 0 0 0 0 0 0 0 1 0 0 0 0 0 0 0 0 0 0 0      0 0 0 0 0 0 0 0 0 0 0 0 0 0 0 0 1 0 0 0      0 0 0 0 0 0 0 0 0 0 0 0 0 0 0 0 0 1 0 0      0 0 0 0 0 0 0 0 0 0 0 0 0 0 1 0 0 0 0 0      124.19      155.15      95.18        
0 0 0 0 0 0 0 0 0 0 0 0 0 0 0 0 1 0 0 0      0 0 0 0 0 0 0 0 0 0 0 0 0 0 0 0 0 1 0 0      0 0 0 0 0 0 0 0 0 0 0 0 0 0 1 0 0 0 0 0      0 0 0 0 0 0 0 0 0 0 0 0 1 0 0 0 0 0 0 0      155.15      103.84      107.48        
0 0 0 0 0 0 0 0 0 0 0 0 0 0 0 0 0 1 0 0      0 0 0 0 0 0 0 0 0 0 0 0 0 0 1 0 0 0 0 0      0 0 0 0 0 0 0 0 0 0 0 0 1 0 0 0 0 0 0 0      0 0 0 0 0 0 0 1 0 0 0 0 0 0 0 0 0 0 0 0      103.84      123.2      33.45        
0 0 0 0 0 0 0 0 0 0 0 0 0 0 1 0 0 0 0 0      0 0 0 0 0 0 0 0 0 0 0 0 1 0 0 0 0 0 0 0      0 0 0 0 0 0 0 1 0 0 0 0 0 0 0 0 0 0 0 0      0 0 0 0 0 0 0 0 0 0 0 0 0 0 0 0 0 1 0 0      123.2      142.39      105.03        
0 0 0 0 0 0 0 0 0 0 0 0 1 0 0 0 0 0 0 0      0 0 0 0 0 0 0 1 0 0 0 0 0 0 0 0 0 0 0 0      0 0 0 0 0 0 0 0 0 0 0 0 0 0 0 0 0 1 0 0      0 0 0 0 0 0 0 0 0 0 1 0 0 0 0 0 0 0 0 0      142.39      123.69      145.95        
0 0 0 0 0 0 0 1 0 0 0 0 0 0 0 0 0 0 0 0      0 0 0 0 0 0 0 0 0 0 0 0 0 0 0 0 0 1 0 0      0 0 0 0 0 0 0 0 0 0 1 0 0 0 0 0 0 0 0 0      0 0 0 0 0 0 0 0 0 0 0 1 0 0 0 0 0 0 0 0      123.69      145.8      174.19        
0 0 0 0 0 0 0 0 0 0 0 0 0 0 0 0 0 1 0 0      0 0 0 0 0 0 0 0 0 0 1 0 0 0 0 0 0 0 0 0      0 0 0 0 0 0 0 0 0 0 0 1 0 0 0 0 0 0 0 0      0 0 0 0 0 0 0 0 0 0 0 0 0 0 0 0 1 0 0 0      145.8      119.03      164.34        
0 0 0 0 0 0 0 0 0 0 1 0 0 0 0 0 0 0 0 0      0 0 0 0 0 0 0 0 0 0 0 1 0 0 0 0 0 0 0 0      0 0 0 0 0 0 0 0 0 0 0 0 0 0 0 0 1 0 0 0      0 0 1 0 0 0 0 0 0 0 0 0 0 0 0 0 0 0 0 0      119.03      143.8      160.37        
0 0 0 0 0 0 0 0 0 0 0 1 0 0 0 0 0 0 0 0      0 0 0 0 0 0 0 0 0 0 0 0 0 0 0 0 1 0 0 0      0 0 1 0 0 0 0 0 0 0 0 0 0 0 0 0 0 0 0 0      0 0 0 0 0 0 1 0 0 0 0 0 0 0 0 0 0 0 0 0      143.8      117.49      127.78        
0 0 0 0 0 0 0 0 0 0 0 0 0 0 0 0 1 0 0 0      0 0 1 0 0 0 0 0 0 0 0 0 0 0 0 0 0 0 0 0      0 0 0 0 0 0 1 0 0 0 0 0 0 0 0 0 0 0 0 0      1 0 0 0 0 0 0 0 0 0 0 0 0 0 0 0 0 0 0 0      117.49      143.63      160.2        
0 0 1 0 0 0 0 0 0 0 0 0 0 0 0 0 0 0 0 0      0 0 0 0 0 0 1 0 0 0 0 0 0 0 0 0 0 0 0 0      1 0 0 0 0 0 0 0 0 0 0 0 0 0 0 0 0 0 0 0      0 0 1 0 0 0 0 0 0 0 0 0 0 0 0 0 0 0 0 0      143.63      111.89      92.07        
0 0 0 0 0 0 1 0 0 0 0 0 0 0 0 0 0 0 0 0      1 0 0 0 0 0 0 0 0 0 0 0 0 0 0 0 0 0 0 0      0 0 1 0 0 0 0 0 0 0 0 0 0 0 0 0 0 0 0 0      0 0 0 0 0 0 0 0 0 0 0 0 0 1 0 0 0 0 0 0      111.89      114.14      106.65        
1 0 0 0 0 0 0 0 0 0 0 0 0 0 0 0 0 0 0 0      0 0 1 0 0 0 0 0 0 0 0 0 0 0 0 0 0 0 0 0      0 0 0 0 0 0 0 0 0 0 0 0 0 1 0 0 0 0 0 0      0 0 0 0 0 0 1 0 0 0 0 0 0 0 0 0 0 0 0 0      114.14      87.07      31.01        
0 0 1 0 0 0 0 0 0 0 0 0 0 0 0 0 0 0 0 0      0 0 0 0 0 0 0 0 0 0 0 0 0 1 0 0 0 0 0 0      0 0 0 0 0 0 1 0 0 0 0 0 0 0 0 0 0 0 0 0      0 0 0 0 0 0 0 1 0 0 0 0 0 0 0 0 0 0 0 0      87.07      104.23      83.03        
0 0 0 0 0 0 0 0 0 0 0 0 0 1 0 0 0 0 0 0      0 0 0 0 0 0 1 0 0 0 0 0 0 0 0 0 0 0 0 0      0 0 0 0 0 0 0 1 0 0 0 0 0 0 0 0 0 0 0 0      0 0 0 0 0 0 0 0 1 0 0 0 0 0 0 0 0 0 0 0      104.23      133.49      90.93        
0 0 0 0 0 0 1 0 0 0 0 0 0 0 0 0 0 0 0 0      0 0 0 0 0 0 0 1 0 0 0 0 0 0 0 0 0 0 0 0      0 0 0 0 0 0 0 0 1 0 0 0 0 0 0 0 0 0 0 0      0 0 0 0 0 0 0 0 0 0 0 1 0 0 0 0 0 0 0 0      133.49      135.04      167.38        
0 0 0 0 0 0 0 1 0 0 0 0 0 0 0 0 0 0 0 0      0 0 0 0 0 0 0 0 1 0 0 0 0 0 0 0 0 0 0 0      0 0 0 0 0 0 0 0 0 0 0 1 0 0 0 0 0 0 0 0      0 0 0 0 0 0 0 1 0 0 0 0 0 0 0 0 0 0 0 0      135.04      119.25      178.68        
0 0 0 0 0 0 0 0 1 0 0 0 0 0 0 0 0 0 0 0      0 0 0 0 0 0 0 0 0 0 0 1 0 0 0 0 0 0 0 0      0 0 0 0 0 0 0 1 0 0 0 0 0 0 0 0 0 0 0 0      0 0 0 0 0 0 0 0 0 0 0 1 0 0 0 0 0 0 0 0      119.25      148.56      140.95        
0 0 0 0 0 0 0 0 0 0 0 1 0 0 0 0 0 0 0 0      0 0 0 0 0 0 0 1 0 0 0 0 0 0 0 0 0 0 0 0      0 0 0 0 0 0 0 0 0 0 0 1 0 0 0 0 0 0 0 0      0 1 0 0 0 0 0 0 0 0 0 0 0 0 0 0 0 0 0 0      148.56      130.98      103.6        
0 0 0 0 0 0 0 1 0 0 0 0 0 0 0 0 0 0 0 0      0 0 0 0 0 0 0 0 0 0 0 1 0 0 0 0 0 0 0 0      0 1 0 0 0 0 0 0 0 0 0 0 0 0 0 0 0 0 0 0      0 0 0 0 0 0 0 0 0 0 0 0 0 0 0 0 0 1 0 0      130.98      123.32      169.7        
0 0 0 0 0 0 0 0 0 0 0 1 0 0 0 0 0 0 0 0      0 1 0 0 0 0 0 0 0 0 0 0 0 0 0 0 0 0 0 0      0 0 0 0 0 0 0 0 0 0 0 0 0 0 0 0 0 1 0 0      0 0 0 0 0 1 0 0 0 0 0 0 0 0 0 0 0 0 0 0      123.32      109.55      30.15        
0 1 0 0 0 0 0 0 0 0 0 0 0 0 0 0 0 0 0 0      0 0 0 0 0 0 0 0 0 0 0 0 0 0 0 0 0 1 0 0      0 0 0 0 0 1 0 0 0 0 0 0 0 0 0 0 0 0 0 0      0 0 0 0 0 0 0 0 0 0 0 0 0 0 0 0 1 0 0 0      109.55      88.14      35.88        
0 0 0 0 0 0 0 0 0 0 0 0 0 0 0 0 0 1 0 0      0 0 0 0 0 1 0 0 0 0 0 0 0 0 0 0 0 0 0 0      0 0 0 0 0 0 0 0 0 0 0 0 0 0 0 0 1 0 0 0      0 0 0 0 0 0 0 0 0 0 0 0 0 0 0 1 0 0 0 0      88.14      134.54      92.92        
0 0 0 0 0 1 0 0 0 0 0 0 0 0 0 0 0 0 0 0      0 0 0 0 0 0 0 0 0 0 0 0 0 0 0 0 1 0 0 0      0 0 0 0 0 0 0 0 0 0 0 0 0 0 0 1 0 0 0 0      0 0 0 0 0 0 0 0 1 0 0 0 0 0 0 0 0 0 0 0      134.54      123.67      145.06        
0 0 0 0 0 0 0 0 0 0 0 0 0 0 0 0 1 0 0 0      0 0 0 0 0 0 0 0 0 0 0 0 0 0 0 1 0 0 0 0      0 0 0 0 0 0 0 0 1 0 0 0 0 0 0 0 0 0 0 0      0 1 0 0 0 0 0 0 0 0 0 0 0 0 0 0 0 0 0 0      123.67      130.66      153.47        
0 0 0 0 0 0 0 0 0 0 0 0 0 0 0 1 0 0 0 0      0 0 0 0 0 0 0 0 1 0 0 0 0 0 0 0 0 0 0 0      0 1 0 0 0 0 0 0 0 0 0 0 0 0 0 0 0 0 0 0      0 1 0 0 0 0 0 0 0 0 0 0 0 0 0 0 0 0 0 0      130.66      116.6      171.79        
0 0 0 0 0 0 0 0 1 0 0 0 0 0 0 0 0 0 0 0      0 1 0 0 0 0 0 0 0 0 0 0 0 0 0 0 0 0 0 0      0 1 0 0 0 0 0 0 0 0 0 0 0 0 0 0 0 0 0 0      0 0 0 0 0 0 0 1 0 0 0 0 0 0 0 0 0 0 0 0      116.6      125.35      169.38        
0 1 0 0 0 0 0 0 0 0 0 0 0 0 0 0 0 0 0 0      0 1 0 0 0 0 0 0 0 0 0 0 0 0 0 0 0 0 0 0      0 0 0 0 0 0 0 1 0 0 0 0 0 0 0 0 0 0 0 0      0 0 0 0 0 0 0 0 0 0 0 0 0 1 0 0 0 0 0 0      125.35      141.61      149.19        
0 1 0 0 0 0 0 0 0 0 0 0 0 0 0 0 0 0 0 0      0 0 0 0 0 0 0 1 0 0 0 0 0 0 0 0 0 0 0 0      0 0 0 0 0 0 0 0 0 0 0 0 0 1 0 0 0 0 0 0      0 0 0 0 0 0 0 0 0 0 1 0 0 0 0 0 0 0 0 0      141.61      126.36      129.61        
0 0 0 0 0 0 0 1 0 0 0 0 0 0 0 0 0 0 0 0      0 0 0 0 0 0 0 0 0 0 0 0 0 1 0 0 0 0 0 0      0 0 0 0 0 0 0 0 0 0 1 0 0 0 0 0 0 0 0 0      0 0 0 0 0 0 0 0 0 0 0 0 0 0 0 0 0 1 0 0      126.36      109.51      171.1        
0 0 0 0 0 0 0 0 0 0 0 0 0 1 0 0 0 0 0 0      0 0 0 0 0 0 0 0 0 0 1 0 0 0 0 0 0 0 0 0      0 0 0 0 0 0 0 0 0 0 0 0 0 0 0 0 0 1 0 0      0 0 0 0 0 0 0 0 0 0 0 0 0 0 0 1 0 0 0 0      109.51      101.33      49.62        
0 0 0 0 0 0 0 0 0 0 1 0 0 0 0 0 0 0 0 0      0 0 0 0 0 0 0 0 0 0 0 0 0 0 0 0 0 1 0 0      0 0 0 0 0 0 0 0 0 0 0 0 0 0 0 1 0 0 0 0      1 0 0 0 0 0 0 0 0 0 0 0 0 0 0 0 0 0 0 0      101.33      111.2      4.83        
0 0 0 0 0 0 0 0 0 0 0 0 0 0 0 0 0 1 0 0      0 0 0 0 0 0 0 0 0 0 0 0 0 0 0 1 0 0 0 0      1 0 0 0 0 0 0 0 0 0 0 0 0 0 0 0 0 0 0 0      0 0 0 0 0 0 0 0 0 1 0 0 0 0 0 0 0 0 0 0      111.2      105.56      54.22        
0 0 0 0 0 0 0 0 0 0 0 0 0 0 0 1 0 0 0 0      1 0 0 0 0 0 0 0 0 0 0 0 0 0 0 0 0 0 0 0      0 0 0 0 0 0 0 0 0 1 0 0 0 0 0 0 0 0 0 0      0 0 0 0 0 0 0 0 0 0 0 0 0 1 0 0 0 0 0 0      105.56      130.44      174.58        
1 0 0 0 0 0 0 0 0 0 0 0 0 0 0 0 0 0 0 0      0 0 0 0 0 0 0 0 0 1 0 0 0 0 0 0 0 0 0 0      0 0 0 0 0 0 0 0 0 0 0 0 0 1 0 0 0 0 0 0      0 0 0 0 1 0 0 0 0 0 0 0 0 0 0 0 0 0 0 0      130.44      131.76      164.74        
0 0 0 0 0 0 0 0 0 1 0 0 0 0 0 0 0 0 0 0      0 0 0 0 0 0 0 0 0 0 0 0 0 1 0 0 0 0 0 0      0 0 0 0 1 0 0 0 0 0 0 0 0 0 0 0 0 0 0 0      0 0 1 0 0 0 0 0 0 0 0 0 0 0 0 0 0 0 0 0      131.76      112.67      139.13        
0 0 0 0 0 0 0 0 0 0 0 0 0 1 0 0 0 0 0 0      0 0 0 0 1 0 0 0 0 0 0 0 0 0 0 0 0 0 0 0      0 0 1 0 0 0 0 0 0 0 0 0 0 0 0 0 0 0 0 0      0 0 0 0 0 0 0 0 0 0 0 0 0 0 0 0 0 1 0 0      112.67      132.09      177.38        
0 0 0 0 1 0 0 0 0 0 0 0 0 0 0 0 0 0 0 0      0 0 1 0 0 0 0 0 0 0 0 0 0 0 0 0 0 0 0 0      0 0 0 0 0 0 0 0 0 0 0 0 0 0 0 0 0 1 0 0      0 0 0 0 0 0 0 0 1 0 0 0 0 0 0 0 0 0 0 0      132.09      125.71      160.06        
0 0 1 0 0 0 0 0 0 0 0 0 0 0 0 0 0 0 0 0      0 0 0 0 0 0 0 0 0 0 0 0 0 0 0 0 0 1 0 0      0 0 0 0 0 0 0 0 1 0 0 0 0 0 0 0 0 0 0 0      0 0 0 0 0 1 0 0 0 0 0 0 0 0 0 0 0 0 0 0      125.71      133.46      170.61        
0 0 0 0 0 0 0 0 0 0 0 0 0 0 0 0 0 1 0 0      0 0 0 0 0 0 0 0 1 0 0 0 0 0 0 0 0 0 0 0      0 0 0 0 0 1 0 0 0 0 0 0 0 0 0 0 0 0 0 0      0 0 0 0 0 0 0 0 0 0 0 0 0 0 0 0 1 0 0 0      133.46      120.98      156.46        
0 0 0 0 0 0 0 0 1 0 0 0 0 0 0 0 0 0 0 0      0 0 0 0 0 1 0 0 0 0 0 0 0 0 0 0 0 0 0 0      0 0 0 0 0 0 0 0 0 0 0 0 0 0 0 0 1 0 0 0      0 0 0 0 1 0 0 0 0 0 0 0 0 0 0 0 0 0 0 0      120.98      123.74      163.8        
0 0 0 0 0 1 0 0 0 0 0 0 0 0 0 0 0 0 0 0      0 0 0 0 0 0 0 0 0 0 0 0 0 0 0 0 1 0 0 0      0 0 0 0 1 0 0 0 0 0 0 0 0 0 0 0 0 0 0 0      0 0 0 0 0 0 0 0 0 0 0 0 0 0 1 0 0 0 0 0      123.74      110.46      151.27        
0 0 0 0 0 0 0 0 0 0 0 0 0 0 0 0 1 0 0 0      0 0 0 0 1 0 0 0 0 0 0 0 0 0 0 0 0 0 0 0      0 0 0 0 0 0 0 0 0 0 0 0 0 0 1 0 0 0 0 0      0 0 0 0 0 0 0 0 0 0 0 0 0 0 0 1 0 0 0 0      110.46      112.5      65.36        
0 0 0 0 1 0 0 0 0 0 0 0 0 0 0 0 0 0 0 0      0 0 0 0 0 0 0 0 0 0 0 0 0 0 1 0 0 0 0 0      0 0 0 0 0 0 0 0 0 0 0 0 0 0 0 1 0 0 0 0      1 0 0 0 0 0 0 0 0 0 0 0 0 0 0 0 0 0 0 0      112.5      88.57      137.08        
0 0 0 0 0 0 0 0 0 0 0 0 0 0 1 0 0 0 0 0      0 0 0 0 0 0 0 0 0 0 0 0 0 0 0 1 0 0 0 0      1 0 0 0 0 0 0 0 0 0 0 0 0 0 0 0 0 0 0 0      0 0 0 0 0 0 0 0 0 1 0 0 0 0 0 0 0 0 0 0      88.57      119.37      42.51        
0 0 0 0 0 0 0 0 0 0 0 0 0 0 0 1 0 0 0 0      1 0 0 0 0 0 0 0 0 0 0 0 0 0 0 0 0 0 0 0      0 0 0 0 0 0 0 0 0 1 0 0 0 0 0 0 0 0 0 0      0 0 0 0 0 0 0 0 0 0 0 0 0 1 0 0 0 0 0 0      119.37      134.04      159.67        
1 0 0 0 0 0 0 0 0 0 0 0 0 0 0 0 0 0 0 0      0 0 0 0 0 0 0 0 0 1 0 0 0 0 0 0 0 0 0 0      0 0 0 0 0 0 0 0 0 0 0 0 0 1 0 0 0 0 0 0      0 0 0 0 1 0 0 0 0 0 0 0 0 0 0 0 0 0 0 0      134.04      134.86      164.85        
0 0 0 0 0 0 0 0 0 1 0 0 0 0 0 0 0 0 0 0      0 0 0 0 0 0 0 0 0 0 0 0 0 1 0 0 0 0 0 0      0 0 0 0 1 0 0 0 0 0 0 0 0 0 0 0 0 0 0 0      0 0 1 0 0 0 0 0 0 0 0 0 0 0 0 0 0 0 0 0      134.86      115.35      134.47        
0 0 0 0 0 0 0 0 0 0 0 0 0 1 0 0 0 0 0 0      0 0 0 0 1 0 0 0 0 0 0 0 0 0 0 0 0 0 0 0      0 0 1 0 0 0 0 0 0 0 0 0 0 0 0 0 0 0 0 0      0 0 0 0 0 0 0 0 0 0 0 0 0 0 0 0 0 1 0 0      115.35      133.8      175.67        
0 0 0 0 1 0 0 0 0 0 0 0 0 0 0 0 0 0 0 0      0 0 1 0 0 0 0 0 0 0 0 0 0 0 0 0 0 0 0 0      0 0 0 0 0 0 0 0 0 0 0 0 0 0 0 0 0 1 0 0      0 0 0 0 0 0 0 0 1 0 0 0 0 0 0 0 0 0 0 0      133.8      128.66      162.88        
0 0 1 0 0 0 0 0 0 0 0 0 0 0 0 0 0 0 0 0      0 0 0 0 0 0 0 0 0 0 0 0 0 0 0 0 0 1 0 0      0 0 0 0 0 0 0 0 1 0 0 0 0 0 0 0 0 0 0 0      0 0 0 0 0 1 0 0 0 0 0 0 0 0 0 0 0 0 0 0      128.66      134.24      175.89        
0 0 0 0 0 0 0 0 0 0 0 0 0 0 0 0 0 1 0 0      0 0 0 0 0 0 0 0 1 0 0 0 0 0 0 0 0 0 0 0      0 0 0 0 0 1 0 0 0 0 0 0 0 0 0 0 0 0 0 0      0 0 0 0 0 0 0 0 0 0 0 0 0 0 0 0 1 0 0 0      134.24      121.34      146.04        
0 0 0 0 0 0 0 0 1 0 0 0 0 0 0 0 0 0 0 0      0 0 0 0 0 1 0 0 0 0 0 0 0 0 0 0 0 0 0 0      0 0 0 0 0 0 0 0 0 0 0 0 0 0 0 0 1 0 0 0      0 0 0 0 1 0 0 0 0 0 0 0 0 0 0 0 0 0 0 0      121.34      123.82      164.61        
0 0 0 0 0 1 0 0 0 0 0 0 0 0 0 0 0 0 0 0      0 0 0 0 0 0 0 0 0 0 0 0 0 0 0 0 1 0 0 0      0 0 0 0 1 0 0 0 0 0 0 0 0 0 0 0 0 0 0 0      0 0 0 0 0 0 0 0 0 0 0 0 0 0 1 0 0 0 0 0      123.82      110.94      174.22        
