108.92      103.09      92.71      
122.17      125.95      126.26      
109.29      107.35      63.08      
119.21      106.2      80.78      
117.02      125.57      91.12      
121.59      112.74      173.32      
110.65      92.3      70.49      
98.97      97.96      63.17      
103.09      98.12      88.68      
113.67      98.33      81.18      
93.25      103.72      103.97      
109.29      105.9      98.03      
119.11      110.18      129.88      
112.85      97.27      91.89      
104.69      94.43      114.53      
80.66      85.25      36.75      
105.97      106.02      119.13      
89.73      96.19      81.75      
89.83      90.52      34.32      
89.89      111.28      109.66      
89.77      97.71      105.51      
100.72      95.85      120.79      
118.06      124.58      105.4      
105.26      111.99      78.95      
85.09      93.52      59.7      
104.94      93.57      49.53      
