114.39      106.51      136.96      
100.92      104.69      115.14      
111.13      105.49      157.8      
98.67      103.74      16.69      
98.99      92.13      83.52      
118.99      110.35      155.32      
110.18      115.16      103.18      
109.0      122.6      86.36      
112.81      84.9      110.57      
83.7      98.48      47.86      
94.94      89.37      43.74      
94.03      94.22      25.75      
86.37      85.23      46.35      
101.38      82.39      71.75      
101.84      100.27      64.5      
97.89      97.9      56.06      
101.97      96.72      55.55      
96.04      117.38      58.61      
107.77      99.01      131.27      
93.85      101.94      67.3      
93.61      86.67      58.36      
103.34      97.94      79.08      
86.05      86.34      54.89      
88.16      97.8      49.35      
90.07      94.24      39.51      
87.41      92.95      76.97      
121.01      112.37      156.15      
100.06      104.94      103.97      
110.59      106.5      139.64      
96.37      97.1      55.92      
93.96      83.38      64.7      
92.43      83.83      49.84      
95.15      97.91      63.04      
99.57      99.51      78.7      
96.31      94.13      47.5      
101.84      95.01      80.72      
103.93      105.11      160.39      
103.61      103.05      62.02      
101.32      97.24      63.83      
104.64      91.99      54.13      
93.08      97.48      38.16      
95.92      95.83      55.35      
94.32      96.23      39.45      
89.91      104.69      58.58      
116.94      108.74      123.8      
106.02      110.5      54.69      
129.14      123.15      53.58      
124.47      121.88      133.04      
125.03      133.47      158.33      
129.69      134.98      159.41      
132.66      130.46      152.79      
130.64      121.99      141.93      
121.32      139.82      97.7      
114.11      107.08      125.54      
101.64      108.24      38.79      
117.68      125.85      105.85      
134.73      134.05      116.34      
112.36      107.26      68.39      
131.35      128.08      154.85      
111.18      107.15      63.57      
122.38      125.41      127.75      
131.51      128.07      164.4      
104.6      101.41      121.77      
108.97      120.35      80.34      
117.13      113.41      84.32      
93.73      96.78      85.16      
105.61      97.92      111.6      
130.22      139.54      147.25      
89.05      109.06      77.47      
129.55      133.52      139.06      
124.35      115.5      124.16      
117.87      99.2      111.71      
102.06      94.39      87.78      
112.24      104.6      74.66      
101.25      111.16      98.25      
109.06      110.84      97.49      
117.72      127.81      128.17      
108.76      99.92      97.88      
116.43      120.92      151.68      
126.07      126.22      131.27      
106.09      101.57      64.33      
125.6      124.75      131.67      
127.19      125.43      110.29      
114.92      114.87      69.95      
114.98      114.96      141.2      
114.39      106.51      136.96      
100.92      104.69      115.14      
111.13      105.49      157.8      
98.67      103.74      16.69      
98.99      92.13      83.52      
118.99      110.35      155.32      
110.18      115.16      103.18      
109.0      122.6      86.36      
112.81      84.9      110.57      
83.7      98.48      47.86      
94.94      89.37      43.74      
94.03      94.22      25.75      
86.37      85.23      46.35      
101.38      82.39      71.75      
101.84      100.27      64.5      
97.89      97.9      56.06      
101.97      96.72      55.55      
96.04      117.38      58.61      
107.77      99.01      131.27      
93.85      101.94      67.3      
93.61      86.67      58.36      
103.34      97.94      79.08      
86.05      86.34      54.89      
88.16      97.8      49.35      
90.07      94.24      39.51      
87.41      92.95      76.97      
121.01      112.37      156.15      
100.06      104.94      103.97      
110.59      106.5      139.64      
96.37      97.1      55.92      
93.96      83.38      64.7      
92.43      83.83      49.84      
95.15      97.91      63.04      
99.57      99.51      78.7      
96.31      94.13      47.5      
101.84      95.01      80.72      
103.93      105.11      160.39      
103.61      103.05      62.02      
101.32      97.24      63.83      
104.64      91.99      54.13      
93.08      97.48      38.16      
95.92      95.83      55.35      
94.32      96.23      39.45      
89.91      104.69      58.58      
116.94      108.74      123.8      
106.02      110.5      54.69      
129.14      123.15      53.58      
124.47      121.88      133.04      
125.03      133.47      158.33      
129.69      134.98      159.41      
132.66      130.46      152.79      
130.64      121.99      141.93      
121.32      139.82      97.7      
114.11      107.08      125.54      
101.64      108.24      38.79      
117.68      125.85      105.85      
134.73      134.05      116.34      
112.36      107.26      68.39      
131.35      128.08      154.85      
111.18      107.15      63.57      
122.38      125.41      127.75      
131.51      128.07      164.4      
104.6      101.41      121.77      
108.97      120.35      80.34      
117.13      113.41      84.32      
93.73      96.78      85.16      
105.61      97.92      111.6      
130.22      139.54      147.25      
89.05      109.06      77.47      
129.55      133.52      139.06      
124.35      115.5      124.16      
117.87      99.2      111.71      
102.06      94.39      87.78      
112.24      104.6      74.66      
101.25      111.16      98.25      
109.06      110.84      97.49      
117.72      127.81      128.17      
108.76      99.92      97.88      
116.43      120.92      151.68      
126.07      126.22      131.27      
106.09      101.57      64.33      
125.6      124.75      131.67      
123.83      102.36      95.87      
89.5      98.62      53.3      
103.68      98.5      55.38      
120.95      117.27      161.63      
117.96      124.12      139.34      
127.1      117.45      123.99      
115.98      123.16      168.92      
119.48      118.95      140.3      
121.65      129.95      160.63      
102.55      103.02      129.49      
115.36      117.77      148.72      
124.26      122.45      157.53      
99.49      88.76      50.58      
87.4      90.33      57.76      
100.49      111.79      44.4      
120.95      117.27      161.63      
117.96      124.12      139.34      
127.1      117.45      123.99      
115.98      123.16      168.92      
119.48      118.95      140.3      
121.65      129.95      160.63      
102.55      103.02      129.49      
115.36      117.77      148.72      
124.26      122.45      157.53      
