  
0 0 0 0 0 0 1 0 0 0 0 0 0 0 0 0 0 0 0 0      0 0 0 0 0 0 0 0 0 0 1 0 0 0 0 0 0 0 0 0      0 0 0 0 0 1 0 0 0 0 0 0 0 0 0 0 0 0 0 0      0 0 0 0 0 0 0 0 0 0 0 0 0 0 0 0 0 1 0 0      89.97      89.04      46.66        
0 0 0 0 0 0 0 0 0 0 1 0 0 0 0 0 0 0 0 0      0 0 0 0 0 1 0 0 0 0 0 0 0 0 0 0 0 0 0 0      0 0 0 0 0 0 0 0 0 0 0 0 0 0 0 0 0 1 0 0      0 0 1 0 0 0 0 0 0 0 0 0 0 0 0 0 0 0 0 0      89.04      119.37      162.53        
0 0 0 0 0 1 0 0 0 0 0 0 0 0 0 0 0 0 0 0      0 0 0 0 0 0 0 0 0 0 0 0 0 0 0 0 0 1 0 0      0 0 1 0 0 0 0 0 0 0 0 0 0 0 0 0 0 0 0 0      0 0 0 0 0 0 0 1 0 0 0 0 0 0 0 0 0 0 0 0      119.37      108.95      76.48        
0 0 0 0 0 0 0 0 0 0 0 0 0 0 0 0 0 1 0 0      0 0 1 0 0 0 0 0 0 0 0 0 0 0 0 0 0 0 0 0      0 0 0 0 0 0 0 1 0 0 0 0 0 0 0 0 0 0 0 0      0 0 1 0 0 0 0 0 0 0 0 0 0 0 0 0 0 0 0 0      108.95      89.08      129.05        
0 0 1 0 0 0 0 0 0 0 0 0 0 0 0 0 0 0 0 0      0 0 0 0 0 0 0 1 0 0 0 0 0 0 0 0 0 0 0 0      0 0 1 0 0 0 0 0 0 0 0 0 0 0 0 0 0 0 0 0      0 0 0 0 0 0 0 0 0 0 1 0 0 0 0 0 0 0 0 0      89.08      96.19      70.02        
0 0 0 0 0 0 0 1 0 0 0 0 0 0 0 0 0 0 0 0      0 0 1 0 0 0 0 0 0 0 0 0 0 0 0 0 0 0 0 0      0 0 0 0 0 0 0 0 0 0 1 0 0 0 0 0 0 0 0 0      0 0 0 0 1 0 0 0 0 0 0 0 0 0 0 0 0 0 0 0      96.19      91.19      54.03        
0 0 1 0 0 0 0 0 0 0 0 0 0 0 0 0 0 0 0 0      0 0 0 0 0 0 0 0 0 0 1 0 0 0 0 0 0 0 0 0      0 0 0 0 1 0 0 0 0 0 0 0 0 0 0 0 0 0 0 0      0 0 0 0 0 0 0 0 0 0 0 1 0 0 0 0 0 0 0 0      91.19      94.12      70.82        
0 0 0 0 0 0 0 0 0 0 1 0 0 0 0 0 0 0 0 0      0 0 0 0 1 0 0 0 0 0 0 0 0 0 0 0 0 0 0 0      0 0 0 0 0 0 0 0 0 0 0 1 0 0 0 0 0 0 0 0      0 0 0 0 0 0 0 0 0 0 1 0 0 0 0 0 0 0 0 0      94.12      106.85      26.16        
0 0 0 0 1 0 0 0 0 0 0 0 0 0 0 0 0 0 0 0      0 0 0 0 0 0 0 0 0 0 0 1 0 0 0 0 0 0 0 0      0 0 0 0 0 0 0 0 0 0 1 0 0 0 0 0 0 0 0 0      0 0 0 0 0 0 0 0 0 0 0 0 0 1 0 0 0 0 0 0      106.85      83.05      75.19        
0 0 0 0 0 0 0 0 0 0 0 1 0 0 0 0 0 0 0 0      0 0 0 0 0 0 0 0 0 0 1 0 0 0 0 0 0 0 0 0      0 0 0 0 0 0 0 0 0 0 0 0 0 1 0 0 0 0 0 0      0 0 0 0 0 0 0 0 0 0 0 1 0 0 0 0 0 0 0 0      83.05      100.03      53.47        
0 0 0 0 0 0 0 0 0 0 1 0 0 0 0 0 0 0 0 0      0 0 0 0 0 0 0 0 0 0 0 0 0 1 0 0 0 0 0 0      0 0 0 0 0 0 0 0 0 0 0 1 0 0 0 0 0 0 0 0      0 1 0 0 0 0 0 0 0 0 0 0 0 0 0 0 0 0 0 0      100.03      85.83      64.3        
0 0 0 0 0 0 0 0 0 0 0 0 0 1 0 0 0 0 0 0      0 0 0 0 0 0 0 0 0 0 0 1 0 0 0 0 0 0 0 0      0 1 0 0 0 0 0 0 0 0 0 0 0 0 0 0 0 0 0 0      0 0 0 0 1 0 0 0 0 0 0 0 0 0 0 0 0 0 0 0      85.83      86.31      59.2        
0 0 0 0 0 0 0 0 0 0 0 1 0 0 0 0 0 0 0 0      0 1 0 0 0 0 0 0 0 0 0 0 0 0 0 0 0 0 0 0      0 0 0 0 1 0 0 0 0 0 0 0 0 0 0 0 0 0 0 0      0 0 0 0 0 0 0 0 0 0 1 0 0 0 0 0 0 0 0 0      86.31      84.63      62.64        
0 1 0 0 0 0 0 0 0 0 0 0 0 0 0 0 0 0 0 0      0 0 0 0 1 0 0 0 0 0 0 0 0 0 0 0 0 0 0 0      0 0 0 0 0 0 0 0 0 0 1 0 0 0 0 0 0 0 0 0      0 0 0 0 0 0 0 0 0 0 0 0 0 0 1 0 0 0 0 0      84.63      100.1      47.6        
0 0 0 0 1 0 0 0 0 0 0 0 0 0 0 0 0 0 0 0      0 0 0 0 0 0 0 0 0 0 1 0 0 0 0 0 0 0 0 0      0 0 0 0 0 0 0 0 0 0 0 0 0 0 1 0 0 0 0 0      0 0 0 0 0 0 0 0 0 0 0 0 0 0 1 0 0 0 0 0      100.1      95.2      52.48        
0 0 0 0 0 0 0 0 0 0 1 0 0 0 0 0 0 0 0 0      0 0 0 0 0 0 0 0 0 0 0 0 0 0 1 0 0 0 0 0      0 0 0 0 0 0 0 0 0 0 0 0 0 0 1 0 0 0 0 0      0 0 0 0 0 0 0 0 0 0 0 0 0 0 0 1 0 0 0 0      95.2      84.11      47.05        
0 0 0 0 0 0 0 0 0 0 0 0 0 0 1 0 0 0 0 0      0 0 0 0 0 0 0 0 0 0 0 0 0 0 1 0 0 0 0 0      0 0 0 0 0 0 0 0 0 0 0 0 0 0 0 1 0 0 0 0      0 0 0 0 0 1 0 0 0 0 0 0 0 0 0 0 0 0 0 0      84.11      91.16      55.88        
0 0 0 0 0 0 0 0 0 0 0 0 0 0 1 0 0 0 0 0      0 0 0 0 0 0 0 0 0 0 0 0 0 0 0 1 0 0 0 0      0 0 0 0 0 1 0 0 0 0 0 0 0 0 0 0 0 0 0 0      0 0 0 0 1 0 0 0 0 0 0 0 0 0 0 0 0 0 0 0      91.16      85.64      41.42        
0 0 0 0 0 0 0 0 0 0 0 0 0 0 0 1 0 0 0 0      0 0 0 0 0 1 0 0 0 0 0 0 0 0 0 0 0 0 0 0      0 0 0 0 1 0 0 0 0 0 0 0 0 0 0 0 0 0 0 0      0 0 0 0 0 0 0 1 0 0 0 0 0 0 0 0 0 0 0 0      85.64      91.25      61.04        
0 0 0 0 0 1 0 0 0 0 0 0 0 0 0 0 0 0 0 0      0 0 0 0 1 0 0 0 0 0 0 0 0 0 0 0 0 0 0 0      0 0 0 0 0 0 0 1 0 0 0 0 0 0 0 0 0 0 0 0      0 0 0 0 0 0 0 0 0 0 0 0 0 0 0 0 1 0 0 0      91.25      88.4      54.1        
0 0 0 0 1 0 0 0 0 0 0 0 0 0 0 0 0 0 0 0      0 0 0 0 0 0 0 1 0 0 0 0 0 0 0 0 0 0 0 0      0 0 0 0 0 0 0 0 0 0 0 0 0 0 0 0 1 0 0 0      0 0 0 0 0 1 0 0 0 0 0 0 0 0 0 0 0 0 0 0      88.4      86.95      70.91        
0 0 0 0 0 0 0 1 0 0 0 0 0 0 0 0 0 0 0 0      0 0 0 0 0 0 0 0 0 0 0 0 0 0 0 0 1 0 0 0      0 0 0 0 0 1 0 0 0 0 0 0 0 0 0 0 0 0 0 0      0 0 0 0 0 0 0 0 0 0 0 0 0 0 0 0 0 0 1 0      86.95      96.46      57.34        
0 0 0 0 0 0 0 0 0 0 0 0 0 0 0 0 1 0 0 0      0 0 0 0 0 1 0 0 0 0 0 0 0 0 0 0 0 0 0 0      0 0 0 0 0 0 0 0 0 0 0 0 0 0 0 0 0 0 1 0      0 1 0 0 0 0 0 0 0 0 0 0 0 0 0 0 0 0 0 0      96.46      96.14      48.03        
0 0 0 0 0 1 0 0 0 0 0 0 0 0 0 0 0 0 0 0      0 0 0 0 0 0 0 0 0 0 0 0 0 0 0 0 0 0 1 0      0 1 0 0 0 0 0 0 0 0 0 0 0 0 0 0 0 0 0 0      0 0 0 0 0 0 0 0 0 1 0 0 0 0 0 0 0 0 0 0      96.14      82.15      50.13        
0 0 0 0 0 0 0 0 0 0 0 0 0 0 0 0 0 0 1 0      0 1 0 0 0 0 0 0 0 0 0 0 0 0 0 0 0 0 0 0      0 0 0 0 0 0 0 0 0 1 0 0 0 0 0 0 0 0 0 0      0 0 0 0 0 0 0 0 0 0 0 0 1 0 0 0 0 0 0 0      82.15      130.36      9.12        
0 1 0 0 0 0 0 0 0 0 0 0 0 0 0 0 0 0 0 0      0 0 0 0 0 0 0 0 0 1 0 0 0 0 0 0 0 0 0 0      0 0 0 0 0 0 0 0 0 0 0 0 1 0 0 0 0 0 0 0      0 0 1 0 0 0 0 0 0 0 0 0 0 0 0 0 0 0 0 0      130.36      92.94      142.09        
