  
0 0 0 0 0 0 0 0 0 0 1 0 0 0 0 0 0 0 0 0  0 0 0 0 0 0 0 0 0 1 0 0 0 0 0 0 0 0 0 0  0 0 0 0 0 1 0 0 0 0 0 0 0 0 0 0 0 0 0 0  1 0 0 0 0 0 0 0 0 0 0 0 0 0 0 0 0 0 0 0  90.3  89.85  54.94    
0 0 0 0 0 0 0 0 0 1 0 0 0 0 0 0 0 0 0 0  0 0 0 0 0 1 0 0 0 0 0 0 0 0 0 0 0 0 0 0  1 0 0 0 0 0 0 0 0 0 0 0 0 0 0 0 0 0 0 0  1 0 0 0 0 0 0 0 0 0 0 0 0 0 0 0 0 0 0 0  89.85  94.59  46.62    
0 0 0 0 0 1 0 0 0 0 0 0 0 0 0 0 0 0 0 0  1 0 0 0 0 0 0 0 0 0 0 0 0 0 0 0 0 0 0 0  1 0 0 0 0 0 0 0 0 0 0 0 0 0 0 0 0 0 0 0  0 0 0 0 1 0 0 0 0 0 0 0 0 0 0 0 0 0 0 0  94.59  87.86  51.44    
1 0 0 0 0 0 0 0 0 0 0 0 0 0 0 0 0 0 0 0  1 0 0 0 0 0 0 0 0 0 0 0 0 0 0 0 0 0 0 0  0 0 0 0 1 0 0 0 0 0 0 0 0 0 0 0 0 0 0 0  0 0 1 0 0 0 0 0 0 0 0 0 0 0 0 0 0 0 0 0  87.86  89.99  51.86    
1 0 0 0 0 0 0 0 0 0 0 0 0 0 0 0 0 0 0 0  0 0 0 0 1 0 0 0 0 0 0 0 0 0 0 0 0 0 0 0  0 0 1 0 0 0 0 0 0 0 0 0 0 0 0 0 0 0 0 0  0 0 0 0 0 0 0 1 0 0 0 0 0 0 0 0 0 0 0 0  89.99  94.43  53.07    
0 0 0 0 1 0 0 0 0 0 0 0 0 0 0 0 0 0 0 0  0 0 1 0 0 0 0 0 0 0 0 0 0 0 0 0 0 0 0 0  0 0 0 0 0 0 0 1 0 0 0 0 0 0 0 0 0 0 0 0  0 0 0 0 0 0 0 0 0 0 0 0 0 0 1 0 0 0 0 0  94.43  90.93  45.26    
0 0 1 0 0 0 0 0 0 0 0 0 0 0 0 0 0 0 0 0  0 0 0 0 0 0 0 1 0 0 0 0 0 0 0 0 0 0 0 0  0 0 0 0 0 0 0 0 0 0 0 0 0 0 1 0 0 0 0 0  1 0 0 0 0 0 0 0 0 0 0 0 0 0 0 0 0 0 0 0  90.93  90.47  54.82    
0 0 0 0 0 0 0 1 0 0 0 0 0 0 0 0 0 0 0 0  0 0 0 0 0 0 0 0 0 0 0 0 0 0 1 0 0 0 0 0  1 0 0 0 0 0 0 0 0 0 0 0 0 0 0 0 0 0 0 0  0 1 0 0 0 0 0 0 0 0 0 0 0 0 0 0 0 0 0 0  90.47  88.73  49.74    
0 0 0 0 0 0 0 0 0 0 0 0 0 0 1 0 0 0 0 0  1 0 0 0 0 0 0 0 0 0 0 0 0 0 0 0 0 0 0 0  0 1 0 0 0 0 0 0 0 0 0 0 0 0 0 0 0 0 0 0  0 0 0 0 0 0 0 0 0 0 0 0 0 0 1 0 0 0 0 0  88.73  90.54  53.08    
1 0 0 0 0 0 0 0 0 0 0 0 0 0 0 0 0 0 0 0  0 1 0 0 0 0 0 0 0 0 0 0 0 0 0 0 0 0 0 0  0 0 0 0 0 0 0 0 0 0 0 0 0 0 1 0 0 0 0 0  0 0 0 0 0 0 0 0 1 0 0 0 0 0 0 0 0 0 0 0  90.54  91.67  48.98    
0 1 0 0 0 0 0 0 0 0 0 0 0 0 0 0 0 0 0 0  0 0 0 0 0 0 0 0 0 0 0 0 0 0 1 0 0 0 0 0  0 0 0 0 0 0 0 0 1 0 0 0 0 0 0 0 0 0 0 0  0 0 0 0 0 0 0 1 0 0 0 0 0 0 0 0 0 0 0 0  91.67  89.7  50.78    
0 0 0 0 0 0 0 0 0 0 0 0 0 0 1 0 0 0 0 0  0 0 0 0 0 0 0 0 1 0 0 0 0 0 0 0 0 0 0 0  0 0 0 0 0 0 0 1 0 0 0 0 0 0 0 0 0 0 0 0  0 1 0 0 0 0 0 0 0 0 0 0 0 0 0 0 0 0 0 0  89.7  93.0  47.29    
0 0 0 0 0 0 0 0 1 0 0 0 0 0 0 0 0 0 0 0  0 0 0 0 0 0 0 1 0 0 0 0 0 0 0 0 0 0 0 0  0 1 0 0 0 0 0 0 0 0 0 0 0 0 0 0 0 0 0 0  0 0 0 0 0 0 0 0 0 0 0 0 0 0 1 0 0 0 0 0  93.0  92.92  47.9    
0 0 0 0 0 0 0 1 0 0 0 0 0 0 0 0 0 0 0 0  0 1 0 0 0 0 0 0 0 0 0 0 0 0 0 0 0 0 0 0  0 0 0 0 0 0 0 0 0 0 0 0 0 0 1 0 0 0 0 0  0 0 0 0 0 0 0 0 0 0 0 0 1 0 0 0 0 0 0 0  92.92  90.06  53.1    
0 1 0 0 0 0 0 0 0 0 0 0 0 0 0 0 0 0 0 0  0 0 0 0 0 0 0 0 0 0 0 0 0 0 1 0 0 0 0 0  0 0 0 0 0 0 0 0 0 0 0 0 1 0 0 0 0 0 0 0  0 0 0 0 0 0 0 0 0 0 0 0 0 0 0 0 1 0 0 0  90.06  93.61  49.3    
0 0 0 0 0 0 0 0 0 0 0 0 0 0 1 0 0 0 0 0  0 0 0 0 0 0 0 0 0 0 0 0 1 0 0 0 0 0 0 0  0 0 0 0 0 0 0 0 0 0 0 0 0 0 0 0 1 0 0 0  0 0 1 0 0 0 0 0 0 0 0 0 0 0 0 0 0 0 0 0  93.61  91.92  46.43    
0 0 0 0 0 0 0 0 0 0 0 0 1 0 0 0 0 0 0 0  0 0 0 0 0 0 0 0 0 0 0 0 0 0 0 0 1 0 0 0  0 0 1 0 0 0 0 0 0 0 0 0 0 0 0 0 0 0 0 0  0 0 0 0 0 0 1 0 0 0 0 0 0 0 0 0 0 0 0 0  91.92  92.04  48.22    
0 0 0 0 0 0 0 0 0 0 0 0 0 0 0 0 1 0 0 0  0 0 1 0 0 0 0 0 0 0 0 0 0 0 0 0 0 0 0 0  0 0 0 0 0 0 1 0 0 0 0 0 0 0 0 0 0 0 0 0  0 0 0 0 0 0 0 0 0 0 0 0 0 0 1 0 0 0 0 0  92.04  90.28  52.23    
0 0 1 0 0 0 0 0 0 0 0 0 0 0 0 0 0 0 0 0  0 0 0 0 0 0 1 0 0 0 0 0 0 0 0 0 0 0 0 0  0 0 0 0 0 0 0 0 0 0 0 0 0 0 1 0 0 0 0 0  0 1 0 0 0 0 0 0 0 0 0 0 0 0 0 0 0 0 0 0  90.28  90.2  51.48    
0 0 0 0 0 0 1 0 0 0 0 0 0 0 0 0 0 0 0 0  0 0 0 0 0 0 0 0 0 0 0 0 0 0 1 0 0 0 0 0  0 1 0 0 0 0 0 0 0 0 0 0 0 0 0 0 0 0 0 0  0 0 0 0 0 0 0 0 0 0 0 0 0 0 0 1 0 0 0 0  90.2  93.03  45.49    
0 0 0 0 0 0 0 0 0 0 0 0 0 0 1 0 0 0 0 0  0 1 0 0 0 0 0 0 0 0 0 0 0 0 0 0 0 0 0 0  0 0 0 0 0 0 0 0 0 0 0 0 0 0 0 1 0 0 0 0  0 0 0 0 0 0 0 0 1 0 0 0 0 0 0 0 0 0 0 0  93.03  95.13  53.76    
0 1 0 0 0 0 0 0 0 0 0 0 0 0 0 0 0 0 0 0  0 0 0 0 0 0 0 0 0 0 0 0 0 0 0 1 0 0 0 0  0 0 0 0 0 0 0 0 1 0 0 0 0 0 0 0 0 0 0 0  0 0 0 0 1 0 0 0 0 0 0 0 0 0 0 0 0 0 0 0  95.13  92.41  50.66    
0 0 0 0 0 0 0 0 0 0 0 0 0 0 0 1 0 0 0 0  0 0 0 0 0 0 0 0 1 0 0 0 0 0 0 0 0 0 0 0  0 0 0 0 1 0 0 0 0 0 0 0 0 0 0 0 0 0 0 0  0 0 0 0 0 0 0 0 0 0 0 0 0 1 0 0 0 0 0 0  92.41  107.39  104.56    
0 0 0 0 0 0 0 0 1 0 0 0 0 0 0 0 0 0 0 0  0 0 0 0 1 0 0 0 0 0 0 0 0 0 0 0 0 0 0 0  0 0 0 0 0 0 0 0 0 0 0 0 0 1 0 0 0 0 0 0  0 0 0 0 0 0 0 0 0 0 0 0 0 0 1 0 0 0 0 0  107.39  91.83  141.53    
0 0 0 0 1 0 0 0 0 0 0 0 0 0 0 0 0 0 0 0  0 0 0 0 0 0 0 0 0 0 0 0 0 1 0 0 0 0 0 0  0 0 0 0 0 0 0 0 0 0 0 0 0 0 1 0 0 0 0 0  0 0 0 0 0 0 0 1 0 0 0 0 0 0 0 0 0 0 0 0  91.83  90.16  63.84    
0 0 0 0 0 0 0 0 0 0 0 0 0 1 0 0 0 0 0 0  0 0 0 0 0 0 0 0 0 0 0 0 0 0 1 0 0 0 0 0  0 0 0 0 0 0 0 1 0 0 0 0 0 0 0 0 0 0 0 0  0 0 0 0 0 0 0 0 0 0 0 0 0 0 1 0 0 0 0 0  90.16  99.95  47.86    
0 0 0 0 0 0 0 0 0 0 0 0 0 0 1 0 0 0 0 0  0 0 0 0 0 0 0 1 0 0 0 0 0 0 0 0 0 0 0 0  0 0 0 0 0 0 0 0 0 0 0 0 0 0 1 0 0 0 0 0  0 0 0 0 0 0 0 0 0 0 0 0 0 0 0 0 1 0 0 0  99.95  90.45  111.45    
0 0 0 0 0 0 0 1 0 0 0 0 0 0 0 0 0 0 0 0  0 0 0 0 0 0 0 0 0 0 0 0 0 0 1 0 0 0 0 0  0 0 0 0 0 0 0 0 0 0 0 0 0 0 0 0 1 0 0 0  0 0 0 0 0 0 0 1 0 0 0 0 0 0 0 0 0 0 0 0  90.45  89.32  60.81    
0 0 0 0 0 0 0 0 0 0 0 0 0 0 1 0 0 0 0 0  0 0 0 0 0 0 0 0 0 0 0 0 0 0 0 0 1 0 0 0  0 0 0 0 0 0 0 1 0 0 0 0 0 0 0 0 0 0 0 0  0 0 1 0 0 0 0 0 0 0 0 0 0 0 0 0 0 0 0 0  89.32  97.79  49.92    
0 0 0 0 0 0 0 0 0 0 0 0 0 0 0 0 1 0 0 0  0 0 0 0 0 0 0 1 0 0 0 0 0 0 0 0 0 0 0 0  0 0 1 0 0 0 0 0 0 0 0 0 0 0 0 0 0 0 0 0  0 0 0 0 0 0 0 0 0 0 0 0 0 1 0 0 0 0 0 0  97.79  99.88  82.59    
0 0 0 0 0 0 0 1 0 0 0 0 0 0 0 0 0 0 0 0  0 0 1 0 0 0 0 0 0 0 0 0 0 0 0 0 0 0 0 0  0 0 0 0 0 0 0 0 0 0 0 0 0 1 0 0 0 0 0 0  0 0 0 1 0 0 0 0 0 0 0 0 0 0 0 0 0 0 0 0  99.88  135.1  35.76    
0 0 1 0 0 0 0 0 0 0 0 0 0 0 0 0 0 0 0 0  0 0 0 0 0 0 0 0 0 0 0 0 0 1 0 0 0 0 0 0  0 0 0 1 0 0 0 0 0 0 0 0 0 0 0 0 0 0 0 0  0 0 0 0 0 0 0 0 0 0 0 0 0 0 0 0 1 0 0 0  135.1  114.23  93.78    
0 0 0 0 0 0 0 0 0 0 0 0 0 1 0 0 0 0 0 0  0 0 0 1 0 0 0 0 0 0 0 0 0 0 0 0 0 0 0 0  0 0 0 0 0 0 0 0 0 0 0 0 0 0 0 0 1 0 0 0  0 0 0 0 1 0 0 0 0 0 0 0 0 0 0 0 0 0 0 0  114.23  128.57  105.77    
0 0 0 1 0 0 0 0 0 0 0 0 0 0 0 0 0 0 0 0  0 0 0 0 0 0 0 0 0 0 0 0 0 0 0 0 1 0 0 0  0 0 0 0 1 0 0 0 0 0 0 0 0 0 0 0 0 0 0 0  1 0 0 0 0 0 0 0 0 0 0 0 0 0 0 0 0 0 0 0  128.57  71.61  142.97    
0 0 0 0 0 0 0 0 0 0 0 0 0 0 0 0 1 0 0 0  0 0 0 0 1 0 0 0 0 0 0 0 0 0 0 0 0 0 0 0  1 0 0 0 0 0 0 0 0 0 0 0 0 0 0 0 0 0 0 0  0 0 0 0 0 0 0 0 0 0 0 0 0 0 0 0 1 0 0 0  71.61  91.07  63.14    
0 0 0 0 1 0 0 0 0 0 0 0 0 0 0 0 0 0 0 0  1 0 0 0 0 0 0 0 0 0 0 0 0 0 0 0 0 0 0 0  0 0 0 0 0 0 0 0 0 0 0 0 0 0 0 0 1 0 0 0  0 0 0 1 0 0 0 0 0 0 0 0 0 0 0 0 0 0 0 0  91.07  109.99  42.95    
1 0 0 0 0 0 0 0 0 0 0 0 0 0 0 0 0 0 0 0  0 0 0 0 0 0 0 0 0 0 0 0 0 0 0 0 1 0 0 0  0 0 0 1 0 0 0 0 0 0 0 0 0 0 0 0 0 0 0 0  0 0 0 0 1 0 0 0 0 0 0 0 0 0 0 0 0 0 0 0  109.99  96.27  177.03    
0 0 0 0 0 0 0 0 0 0 0 0 0 0 0 0 1 0 0 0  0 0 0 1 0 0 0 0 0 0 0 0 0 0 0 0 0 0 0 0  0 0 0 0 1 0 0 0 0 0 0 0 0 0 0 0 0 0 0 0  0 0 0 0 0 0 0 0 0 0 0 1 0 0 0 0 0 0 0 0  96.27  98.48  48.42    
0 0 0 1 0 0 0 0 0 0 0 0 0 0 0 0 0 0 0 0  0 0 0 0 1 0 0 0 0 0 0 0 0 0 0 0 0 0 0 0  0 0 0 0 0 0 0 0 0 0 0 1 0 0 0 0 0 0 0 0  0 0 0 0 0 0 0 0 0 0 0 0 0 0 0 0 1 0 0 0  98.48  97.48  85.7    
0 0 0 0 1 0 0 0 0 0 0 0 0 0 0 0 0 0 0 0  0 0 0 0 0 0 0 0 0 0 0 1 0 0 0 0 0 0 0 0  0 0 0 0 0 0 0 0 0 0 0 0 0 0 0 0 1 0 0 0  0 0 1 0 0 0 0 0 0 0 0 0 0 0 0 0 0 0 0 0  97.48  93.41  56.62    
0 0 0 0 0 0 0 0 0 0 0 1 0 0 0 0 0 0 0 0  0 0 0 0 0 0 0 0 0 0 0 0 0 0 0 0 1 0 0 0  0 0 1 0 0 0 0 0 0 0 0 0 0 0 0 0 0 0 0 0  0 0 0 0 0 0 0 0 0 0 0 0 0 0 0 0 1 0 0 0  93.41  98.45  39.43    
0 0 0 0 0 0 0 0 0 0 0 0 0 0 0 0 1 0 0 0  0 0 1 0 0 0 0 0 0 0 0 0 0 0 0 0 0 0 0 0  0 0 0 0 0 0 0 0 0 0 0 0 0 0 0 0 1 0 0 0  0 0 0 0 0 0 0 0 1 0 0 0 0 0 0 0 0 0 0 0  98.45  98.82  45.29    
0 0 1 0 0 0 0 0 0 0 0 0 0 0 0 0 0 0 0 0  0 0 0 0 0 0 0 0 0 0 0 0 0 0 0 0 1 0 0 0  0 0 0 0 0 0 0 0 1 0 0 0 0 0 0 0 0 0 0 0  0 0 0 0 0 0 0 0 0 0 0 0 0 1 0 0 0 0 0 0  98.82  107.63  53.73    
0 0 0 0 0 0 0 0 0 0 0 0 0 0 0 0 1 0 0 0  0 0 0 0 0 0 0 0 1 0 0 0 0 0 0 0 0 0 0 0  0 0 0 0 0 0 0 0 0 0 0 0 0 1 0 0 0 0 0 0  0 0 0 0 0 1 0 0 0 0 0 0 0 0 0 0 0 0 0 0  107.63  93.65  174.88    
0 0 0 0 0 0 0 0 1 0 0 0 0 0 0 0 0 0 0 0  0 0 0 0 0 0 0 0 0 0 0 0 0 1 0 0 0 0 0 0  0 0 0 0 0 1 0 0 0 0 0 0 0 0 0 0 0 0 0 0  0 0 0 1 0 0 0 0 0 0 0 0 0 0 0 0 0 0 0 0  93.65  113.52  33.32    
0 0 0 0 0 0 0 0 0 0 0 0 0 1 0 0 0 0 0 0  0 0 0 0 0 1 0 0 0 0 0 0 0 0 0 0 0 0 0 0  0 0 0 1 0 0 0 0 0 0 0 0 0 0 0 0 0 0 0 0  0 0 0 0 0 0 0 0 0 1 0 0 0 0 0 0 0 0 0 0  113.52  116.12  163.28    
0 0 0 0 0 1 0 0 0 0 0 0 0 0 0 0 0 0 0 0  0 0 0 1 0 0 0 0 0 0 0 0 0 0 0 0 0 0 0 0  0 0 0 0 0 0 0 0 0 1 0 0 0 0 0 0 0 0 0 0  0 0 0 0 1 0 0 0 0 0 0 0 0 0 0 0 0 0 0 0  116.12  132.61  179.96    
0 0 0 1 0 0 0 0 0 0 0 0 0 0 0 0 0 0 0 0  0 0 0 0 0 0 0 0 0 1 0 0 0 0 0 0 0 0 0 0  0 0 0 0 1 0 0 0 0 0 0 0 0 0 0 0 0 0 0 0  0 1 0 0 0 0 0 0 0 0 0 0 0 0 0 0 0 0 0 0  132.61  138.12  161.56    
0 0 0 0 0 0 0 0 0 1 0 0 0 0 0 0 0 0 0 0  0 0 0 0 1 0 0 0 0 0 0 0 0 0 0 0 0 0 0 0  0 1 0 0 0 0 0 0 0 0 0 0 0 0 0 0 0 0 0 0  0 0 0 0 0 0 0 0 0 0 1 0 0 0 0 0 0 0 0 0  138.12  95.13  96.28    
0 0 0 0 1 0 0 0 0 0 0 0 0 0 0 0 0 0 0 0  0 1 0 0 0 0 0 0 0 0 0 0 0 0 0 0 0 0 0 0  0 0 0 0 0 0 0 0 0 0 1 0 0 0 0 0 0 0 0 0  0 0 0 0 0 0 0 0 0 0 1 0 0 0 0 0 0 0 0 0  95.13  88.59  54.24    
0 1 0 0 0 0 0 0 0 0 0 0 0 0 0 0 0 0 0 0  0 0 0 0 0 0 0 0 0 0 1 0 0 0 0 0 0 0 0 0  0 0 0 0 0 0 0 0 0 0 1 0 0 0 0 0 0 0 0 0  0 0 0 0 0 0 0 0 0 0 0 0 0 0 0 0 1 0 0 0  88.59  89.27  48.83    
0 0 0 0 0 0 0 0 0 0 1 0 0 0 0 0 0 0 0 0  0 0 0 0 0 0 0 0 0 0 1 0 0 0 0 0 0 0 0 0  0 0 0 0 0 0 0 0 0 0 0 0 0 0 0 0 1 0 0 0  0 0 0 0 0 0 0 0 1 0 0 0 0 0 0 0 0 0 0 0  89.27  90.22  54.39    
0 0 0 0 0 0 0 0 0 0 1 0 0 0 0 0 0 0 0 0  0 0 0 0 0 0 0 0 0 0 0 0 0 0 0 0 1 0 0 0  0 0 0 0 0 0 0 0 1 0 0 0 0 0 0 0 0 0 0 0  0 0 0 0 0 0 0 0 0 0 1 0 0 0 0 0 0 0 0 0  90.22  89.65  50.24    
0 0 0 0 0 0 0 0 0 0 0 0 0 0 0 0 1 0 0 0  0 0 0 0 0 0 0 0 1 0 0 0 0 0 0 0 0 0 0 0  0 0 0 0 0 0 0 0 0 0 1 0 0 0 0 0 0 0 0 0  0 0 0 0 0 0 0 0 0 0 0 0 0 1 0 0 0 0 0 0  89.65  90.69  51.71    
0 0 0 0 0 0 0 0 1 0 0 0 0 0 0 0 0 0 0 0  0 0 0 0 0 0 0 0 0 0 1 0 0 0 0 0 0 0 0 0  0 0 0 0 0 0 0 0 0 0 0 0 0 1 0 0 0 0 0 0  0 0 0 0 0 0 0 0 1 0 0 0 0 0 0 0 0 0 0 0  90.69  91.69  50.61    
0 0 0 0 0 0 0 0 0 0 1 0 0 0 0 0 0 0 0 0  0 0 0 0 0 0 0 0 0 0 0 0 0 1 0 0 0 0 0 0  0 0 0 0 0 0 0 0 1 0 0 0 0 0 0 0 0 0 0 0  0 0 0 0 1 0 0 0 0 0 0 0 0 0 0 0 0 0 0 0  91.69  89.91  54.21    
0 0 0 0 0 0 0 0 0 0 0 0 0 1 0 0 0 0 0 0  0 0 0 0 0 0 0 0 1 0 0 0 0 0 0 0 0 0 0 0  0 0 0 0 1 0 0 0 0 0 0 0 0 0 0 0 0 0 0 0  0 1 0 0 0 0 0 0 0 0 0 0 0 0 0 0 0 0 0 0  89.91  90.8  46.61    
0 0 0 0 0 0 0 0 1 0 0 0 0 0 0 0 0 0 0 0  0 0 0 0 1 0 0 0 0 0 0 0 0 0 0 0 0 0 0 0  0 1 0 0 0 0 0 0 0 0 0 0 0 0 0 0 0 0 0 0  0 0 0 0 0 0 1 0 0 0 0 0 0 0 0 0 0 0 0 0  90.8  88.24  55.84    
0 0 0 0 1 0 0 0 0 0 0 0 0 0 0 0 0 0 0 0  0 1 0 0 0 0 0 0 0 0 0 0 0 0 0 0 0 0 0 0  0 0 0 0 0 0 1 0 0 0 0 0 0 0 0 0 0 0 0 0  0 0 0 0 0 0 0 0 0 0 0 0 0 1 0 0 0 0 0 0  88.24  91.77  118.06    
0 1 0 0 0 0 0 0 0 0 0 0 0 0 0 0 0 0 0 0  0 0 0 0 0 0 1 0 0 0 0 0 0 0 0 0 0 0 0 0  0 0 0 0 0 0 0 0 0 0 0 0 0 1 0 0 0 0 0 0  0 0 0 0 0 0 0 0 0 0 0 1 0 0 0 0 0 0 0 0  91.77  94.62  138.87    
0 0 0 0 0 0 1 0 0 0 0 0 0 0 0 0 0 0 0 0  0 0 0 0 0 0 0 0 0 0 0 0 0 1 0 0 0 0 0 0  0 0 0 0 0 0 0 0 0 0 0 1 0 0 0 0 0 0 0 0  0 1 0 0 0 0 0 0 0 0 0 0 0 0 0 0 0 0 0 0  94.62  114.98  70.47    
0 0 0 0 0 0 0 0 0 0 0 0 0 1 0 0 0 0 0 0  0 0 0 0 0 0 0 0 0 0 0 1 0 0 0 0 0 0 0 0  0 1 0 0 0 0 0 0 0 0 0 0 0 0 0 0 0 0 0 0  0 0 1 0 0 0 0 0 0 0 0 0 0 0 0 0 0 0 0 0  114.98  95.02  160.93    
0 0 0 0 0 0 0 0 0 0 0 1 0 0 0 0 0 0 0 0  0 1 0 0 0 0 0 0 0 0 0 0 0 0 0 0 0 0 0 0  0 0 1 0 0 0 0 0 0 0 0 0 0 0 0 0 0 0 0 0  0 0 0 0 0 0 0 0 0 0 0 0 0 0 0 0 1 0 0 0  95.02  136.89  30.2    
0 1 0 0 0 0 0 0 0 0 0 0 0 0 0 0 0 0 0 0  0 0 1 0 0 0 0 0 0 0 0 0 0 0 0 0 0 0 0 0  0 0 0 0 0 0 0 0 0 0 0 0 0 0 0 0 1 0 0 0  0 0 0 0 0 0 0 0 0 0 0 0 0 1 0 0 0 0 0 0  136.89  86.94  116.59    
0 0 1 0 0 0 0 0 0 0 0 0 0 0 0 0 0 0 0 0  0 0 0 0 0 0 0 0 0 0 0 0 0 0 0 0 1 0 0 0  0 0 0 0 0 0 0 0 0 0 0 0 0 1 0 0 0 0 0 0  0 0 0 0 1 0 0 0 0 0 0 0 0 0 0 0 0 0 0 0  86.94  89.71  61.66    
0 0 0 0 0 0 0 0 0 0 0 0 0 0 0 0 1 0 0 0  0 0 0 0 0 0 0 0 0 0 0 0 0 1 0 0 0 0 0 0  0 0 0 0 1 0 0 0 0 0 0 0 0 0 0 0 0 0 0 0  0 0 0 0 0 0 0 0 0 0 0 1 0 0 0 0 0 0 0 0  89.71  88.55  52.36    
0 0 0 0 0 0 0 0 0 0 0 0 0 1 0 0 0 0 0 0  0 0 0 0 1 0 0 0 0 0 0 0 0 0 0 0 0 0 0 0  0 0 0 0 0 0 0 0 0 0 0 1 0 0 0 0 0 0 0 0  0 1 0 0 0 0 0 0 0 0 0 0 0 0 0 0 0 0 0 0  88.55  95.84  46.08    
0 0 0 0 1 0 0 0 0 0 0 0 0 0 0 0 0 0 0 0  0 0 0 0 0 0 0 0 0 0 0 1 0 0 0 0 0 0 0 0  0 1 0 0 0 0 0 0 0 0 0 0 0 0 0 0 0 0 0 0  0 0 0 0 0 0 0 0 0 0 0 0 0 0 1 0 0 0 0 0  95.84  89.77  50.9    
0 0 0 0 0 0 0 0 0 0 0 1 0 0 0 0 0 0 0 0  0 1 0 0 0 0 0 0 0 0 0 0 0 0 0 0 0 0 0 0  0 0 0 0 0 0 0 0 0 0 0 0 0 0 1 0 0 0 0 0  0 0 0 0 1 0 0 0 0 0 0 0 0 0 0 0 0 0 0 0  89.77  87.95  64.21    
0 1 0 0 0 0 0 0 0 0 0 0 0 0 0 0 0 0 0 0  0 0 0 0 0 0 0 0 0 0 0 0 0 0 1 0 0 0 0 0  0 0 0 0 1 0 0 0 0 0 0 0 0 0 0 0 0 0 0 0  0 0 0 0 0 0 0 0 1 0 0 0 0 0 0 0 0 0 0 0  87.95  92.75  45.01    
0 0 0 0 0 0 0 0 0 0 0 0 0 0 1 0 0 0 0 0  0 0 0 0 1 0 0 0 0 0 0 0 0 0 0 0 0 0 0 0  0 0 0 0 0 0 0 0 1 0 0 0 0 0 0 0 0 0 0 0  0 0 0 0 1 0 0 0 0 0 0 0 0 0 0 0 0 0 0 0  92.75  87.38  50.86    
0 0 0 0 1 0 0 0 0 0 0 0 0 0 0 0 0 0 0 0  0 0 0 0 0 0 0 0 1 0 0 0 0 0 0 0 0 0 0 0  0 0 0 0 1 0 0 0 0 0 0 0 0 0 0 0 0 0 0 0  0 1 0 0 0 0 0 0 0 0 0 0 0 0 0 0 0 0 0 0  87.38  88.43  50.3    
0 0 0 0 0 0 0 0 1 0 0 0 0 0 0 0 0 0 0 0  0 0 0 0 1 0 0 0 0 0 0 0 0 0 0 0 0 0 0 0  0 1 0 0 0 0 0 0 0 0 0 0 0 0 0 0 0 0 0 0  0 0 0 0 0 0 0 0 1 0 0 0 0 0 0 0 0 0 0 0  88.43  91.8  53.81    
0 0 0 0 1 0 0 0 0 0 0 0 0 0 0 0 0 0 0 0  0 1 0 0 0 0 0 0 0 0 0 0 0 0 0 0 0 0 0 0  0 0 0 0 0 0 0 0 1 0 0 0 0 0 0 0 0 0 0 0  0 0 0 0 0 0 0 0 0 0 0 0 0 0 0 0 0 0 0 1  91.8  87.94  52.81    
0 1 0 0 0 0 0 0 0 0 0 0 0 0 0 0 0 0 0 0  0 0 0 0 0 0 0 0 1 0 0 0 0 0 0 0 0 0 0 0  0 0 0 0 0 0 0 0 0 0 0 0 0 0 0 0 0 0 0 1  0 0 0 0 0 0 0 0 0 0 1 0 0 0 0 0 0 0 0 0  87.94  97.23  42.18    
0 0 0 0 0 0 0 0 1 0 0 0 0 0 0 0 0 0 0 0  0 0 0 0 0 0 0 0 0 0 0 0 0 0 0 0 0 0 0 1  0 0 0 0 0 0 0 0 0 0 1 0 0 0 0 0 0 0 0 0  0 0 0 0 0 0 0 0 0 0 0 0 1 0 0 0 0 0 0 0  97.23  92.12  48.13    
0 0 0 0 0 0 0 0 0 0 0 0 0 0 0 0 0 0 0 1  0 0 0 0 0 0 0 0 0 0 1 0 0 0 0 0 0 0 0 0  0 0 0 0 0 0 0 0 0 0 0 0 1 0 0 0 0 0 0 0  0 0 0 0 0 0 0 0 0 0 0 0 0 0 0 1 0 0 0 0  92.12  89.09  52.57    
0 0 0 0 0 0 0 0 0 0 1 0 0 0 0 0 0 0 0 0  0 0 0 0 0 0 0 0 0 0 0 0 1 0 0 0 0 0 0 0  0 0 0 0 0 0 0 0 0 0 0 0 0 0 0 1 0 0 0 0  0 1 0 0 0 0 0 0 0 0 0 0 0 0 0 0 0 0 0 0  89.09  93.94  49.53    
0 0 0 0 0 0 0 0 0 0 0 0 1 0 0 0 0 0 0 0  0 0 0 0 0 0 0 0 0 0 0 0 0 0 0 1 0 0 0 0  0 1 0 0 0 0 0 0 0 0 0 0 0 0 0 0 0 0 0 0  1 0 0 0 0 0 0 0 0 0 0 0 0 0 0 0 0 0 0 0  93.94  91.37  48.63    
0 0 0 0 0 0 0 0 0 0 0 0 0 0 0 1 0 0 0 0  0 1 0 0 0 0 0 0 0 0 0 0 0 0 0 0 0 0 0 0  1 0 0 0 0 0 0 0 0 0 0 0 0 0 0 0 0 0 0 0  0 0 0 0 0 0 0 0 0 0 0 1 0 0 0 0 0 0 0 0  91.37  96.8  45.12    
0 1 0 0 0 0 0 0 0 0 0 0 0 0 0 0 0 0 0 0  1 0 0 0 0 0 0 0 0 0 0 0 0 0 0 0 0 0 0 0  0 0 0 0 0 0 0 0 0 0 0 1 0 0 0 0 0 0 0 0  0 0 0 0 0 0 0 0 0 0 0 0 1 0 0 0 0 0 0 0  96.8  91.34  45.72    
1 0 0 0 0 0 0 0 0 0 0 0 0 0 0 0 0 0 0 0  0 0 0 0 0 0 0 0 0 0 0 1 0 0 0 0 0 0 0 0  0 0 0 0 0 0 0 0 0 0 0 0 1 0 0 0 0 0 0 0  0 0 0 1 0 0 0 0 0 0 0 0 0 0 0 0 0 0 0 0  91.34  106.26  42.58    
0 0 0 0 0 0 0 0 0 0 0 1 0 0 0 0 0 0 0 0  0 0 0 0 0 0 0 0 0 0 0 0 1 0 0 0 0 0 0 0  0 0 0 1 0 0 0 0 0 0 0 0 0 0 0 0 0 0 0 0  0 0 0 0 1 0 0 0 0 0 0 0 0 0 0 0 0 0 0 0  106.26  100.74  137.79    
0 0 0 0 0 0 0 0 0 0 0 0 1 0 0 0 0 0 0 0  0 0 0 1 0 0 0 0 0 0 0 0 0 0 0 0 0 0 0 0  0 0 0 0 1 0 0 0 0 0 0 0 0 0 0 0 0 0 0 0  0 0 0 0 0 0 0 0 0 0 0 0 0 0 1 0 0 0 0 0  100.74  129.96  102.34    
0 0 0 1 0 0 0 0 0 0 0 0 0 0 0 0 0 0 0 0  0 0 0 0 1 0 0 0 0 0 0 0 0 0 0 0 0 0 0 0  0 0 0 0 0 0 0 0 0 0 0 0 0 0 1 0 0 0 0 0  0 0 0 0 1 0 0 0 0 0 0 0 0 0 0 0 0 0 0 0  129.96  92.29  120.39    
0 0 0 0 1 0 0 0 0 0 0 0 0 0 0 0 0 0 0 0  0 0 0 0 0 0 0 0 0 0 0 0 0 0 1 0 0 0 0 0  0 0 0 0 1 0 0 0 0 0 0 0 0 0 0 0 0 0 0 0  0 0 0 1 0 0 0 0 0 0 0 0 0 0 0 0 0 0 0 0  92.29  114.56  120.47    
0 0 0 0 0 0 0 0 0 0 0 0 0 0 1 0 0 0 0 0  0 0 0 0 1 0 0 0 0 0 0 0 0 0 0 0 0 0 0 0  0 0 0 1 0 0 0 0 0 0 0 0 0 0 0 0 0 0 0 0  0 0 0 0 0 0 0 0 0 0 0 0 0 0 0 0 0 1 0 0  114.56  92.53  116.58    
0 0 0 0 1 0 0 0 0 0 0 0 0 0 0 0 0 0 0 0  0 0 0 1 0 0 0 0 0 0 0 0 0 0 0 0 0 0 0 0  0 0 0 0 0 0 0 0 0 0 0 0 0 0 0 0 0 1 0 0  0 0 0 0 1 0 0 0 0 0 0 0 0 0 0 0 0 0 0 0  92.53  90.82  56.77    
0 0 0 1 0 0 0 0 0 0 0 0 0 0 0 0 0 0 0 0  0 0 0 0 0 0 0 0 0 0 0 0 0 0 0 0 0 1 0 0  0 0 0 0 1 0 0 0 0 0 0 0 0 0 0 0 0 0 0 0  0 0 0 0 0 0 0 0 0 0 0 0 0 0 1 0 0 0 0 0  90.82  93.93  43.11    
0 0 0 0 0 0 0 0 0 0 0 0 0 0 0 0 0 1 0 0  0 0 0 0 1 0 0 0 0 0 0 0 0 0 0 0 0 0 0 0  0 0 0 0 0 0 0 0 0 0 0 0 0 0 1 0 0 0 0 0  0 1 0 0 0 0 0 0 0 0 0 0 0 0 0 0 0 0 0 0  93.93  91.46  50.62    
0 0 0 0 1 0 0 0 0 0 0 0 0 0 0 0 0 0 0 0  0 0 0 0 0 0 0 0 0 0 0 0 0 0 1 0 0 0 0 0  0 1 0 0 0 0 0 0 0 0 0 0 0 0 0 0 0 0 0 0  0 0 0 0 0 0 0 0 1 0 0 0 0 0 0 0 0 0 0 0  91.46  92.62  54.23    
0 0 0 0 0 0 0 0 0 0 0 0 0 0 1 0 0 0 0 0  0 1 0 0 0 0 0 0 0 0 0 0 0 0 0 0 0 0 0 0  0 0 0 0 0 0 0 0 1 0 0 0 0 0 0 0 0 0 0 0  0 0 0 0 0 0 0 0 0 0 0 0 0 0 1 0 0 0 0 0  92.62  92.03  45.1    
0 1 0 0 0 0 0 0 0 0 0 0 0 0 0 0 0 0 0 0  0 0 0 0 0 0 0 0 1 0 0 0 0 0 0 0 0 0 0 0  0 0 0 0 0 0 0 0 0 0 0 0 0 0 1 0 0 0 0 0  0 0 0 0 0 0 1 0 0 0 0 0 0 0 0 0 0 0 0 0  92.03  89.91  52.12    
0 0 0 0 0 0 0 0 1 0 0 0 0 0 0 0 0 0 0 0  0 0 0 0 0 0 0 0 0 0 0 0 0 0 1 0 0 0 0 0  0 0 0 0 0 0 1 0 0 0 0 0 0 0 0 0 0 0 0 0  0 0 0 0 0 0 0 0 0 0 0 0 0 0 1 0 0 0 0 0  89.91  91.49  49.35    
0 0 0 0 0 0 0 0 0 0 0 0 0 0 1 0 0 0 0 0  0 0 0 0 0 0 1 0 0 0 0 0 0 0 0 0 0 0 0 0  0 0 0 0 0 0 0 0 0 0 0 0 0 0 1 0 0 0 0 0  0 0 0 0 0 0 0 0 0 0 0 0 0 0 0 1 0 0 0 0  91.49  91.06  46.18    
0 0 0 0 0 0 1 0 0 0 0 0 0 0 0 0 0 0 0 0  0 0 0 0 0 0 0 0 0 0 0 0 0 0 1 0 0 0 0 0  0 0 0 0 0 0 0 0 0 0 0 0 0 0 0 1 0 0 0 0  0 0 0 0 0 0 0 0 0 0 0 0 0 0 0 0 0 0 0 1  91.06  92.18  53.03    
0 0 0 0 0 0 0 0 0 0 0 0 0 0 1 0 0 0 0 0  0 0 0 0 0 0 0 0 0 0 0 0 0 0 0 1 0 0 0 0  0 0 0 0 0 0 0 0 0 0 0 0 0 0 0 0 0 0 0 1  0 0 0 0 0 0 0 0 0 0 0 0 0 0 0 1 0 0 0 0  92.18  89.65  45.67    
0 0 0 0 0 0 0 0 0 0 0 0 0 0 0 1 0 0 0 0  0 0 0 0 0 0 0 0 0 0 0 0 0 0 0 0 0 0 0 1  0 0 0 0 0 0 0 0 0 0 0 0 0 0 0 1 0 0 0 0  0 1 0 0 0 0 0 0 0 0 0 0 0 0 0 0 0 0 0 0  89.65  90.36  51.63    
0 0 0 0 0 0 0 0 0 0 0 0 0 0 0 0 0 0 0 1  0 0 0 0 0 0 0 0 0 0 0 0 0 0 0 1 0 0 0 0  0 1 0 0 0 0 0 0 0 0 0 0 0 0 0 0 0 0 0 0  0 0 0 0 0 0 0 0 0 0 0 0 0 0 1 0 0 0 0 0  90.36  90.83  52.37    
0 0 0 0 0 0 0 0 0 0 0 0 0 0 0 1 0 0 0 0  0 1 0 0 0 0 0 0 0 0 0 0 0 0 0 0 0 0 0 0  0 0 0 0 0 0 0 0 0 0 0 0 0 0 1 0 0 0 0 0  0 0 0 0 1 0 0 0 0 0 0 0 0 0 0 0 0 0 0 0  90.83  93.78  43.68    
0 1 0 0 0 0 0 0 0 0 0 0 0 0 0 0 0 0 0 0  0 0 0 0 0 0 0 0 0 0 0 0 0 0 1 0 0 0 0 0  0 0 0 0 1 0 0 0 0 0 0 0 0 0 0 0 0 0 0 0  0 0 1 0 0 0 0 0 0 0 0 0 0 0 0 0 0 0 0 0  93.78  92.27  47.73    
0 0 0 0 0 0 0 0 0 0 0 0 0 0 1 0 0 0 0 0  0 0 0 0 1 0 0 0 0 0 0 0 0 0 0 0 0 0 0 0  0 0 1 0 0 0 0 0 0 0 0 0 0 0 0 0 0 0 0 0  0 0 0 0 0 0 0 0 0 0 0 0 0 0 0 1 0 0 0 0  92.27  94.46  49.8    
0 0 0 0 1 0 0 0 0 0 0 0 0 0 0 0 0 0 0 0  0 0 1 0 0 0 0 0 0 0 0 0 0 0 0 0 0 0 0 0  0 0 0 0 0 0 0 0 0 0 0 0 0 0 0 1 0 0 0 0  0 0 0 0 0 0 0 0 0 0 0 1 0 0 0 0 0 0 0 0  94.46  92.16  48.66    
0 0 1 0 0 0 0 0 0 0 0 0 0 0 0 0 0 0 0 0  0 0 0 0 0 0 0 0 0 0 0 0 0 0 0 1 0 0 0 0  0 0 0 0 0 0 0 0 0 0 0 1 0 0 0 0 0 0 0 0  0 0 0 0 0 0 0 0 0 0 0 0 0 0 0 1 0 0 0 0  92.16  91.72  46.34    
0 0 0 0 0 0 0 0 0 0 0 0 0 0 0 1 0 0 0 0  0 0 0 0 0 0 0 0 0 0 0 1 0 0 0 0 0 0 0 0  0 0 0 0 0 0 0 0 0 0 0 0 0 0 0 1 0 0 0 0  0 0 0 0 0 0 0 0 1 0 0 0 0 0 0 0 0 0 0 0  91.72  93.93  50.6    
0 0 0 0 0 0 0 0 0 0 0 1 0 0 0 0 0 0 0 0  0 0 0 0 0 0 0 0 0 0 0 0 0 0 0 1 0 0 0 0  0 0 0 0 0 0 0 0 1 0 0 0 0 0 0 0 0 0 0 0  0 0 0 0 0 0 0 0 1 0 0 0 0 0 0 0 0 0 0 0  93.93  91.09  49.9    
0 0 0 0 0 0 0 0 0 0 0 0 0 0 0 1 0 0 0 0  0 0 0 0 0 0 0 0 1 0 0 0 0 0 0 0 0 0 0 0  0 0 0 0 0 0 0 0 1 0 0 0 0 0 0 0 0 0 0 0  0 0 0 0 0 0 0 0 0 0 0 0 0 1 0 0 0 0 0 0  91.09  92.66  46.0    
0 0 0 0 0 0 0 0 1 0 0 0 0 0 0 0 0 0 0 0  0 0 0 0 0 0 0 0 1 0 0 0 0 0 0 0 0 0 0 0  0 0 0 0 0 0 0 0 0 0 0 0 0 1 0 0 0 0 0 0  1 0 0 0 0 0 0 0 0 0 0 0 0 0 0 0 0 0 0 0  92.66  90.97  51.94    
0 0 0 0 0 0 0 0 1 0 0 0 0 0 0 0 0 0 0 0  0 0 0 0 0 0 0 0 0 0 0 0 0 1 0 0 0 0 0 0  1 0 0 0 0 0 0 0 0 0 0 0 0 0 0 0 0 0 0 0  1 0 0 0 0 0 0 0 0 0 0 0 0 0 0 0 0 0 0 0  90.97  100.53  38.31    
0 0 0 0 0 0 0 0 0 0 0 0 0 1 0 0 0 0 0 0  1 0 0 0 0 0 0 0 0 0 0 0 0 0 0 0 0 0 0 0  1 0 0 0 0 0 0 0 0 0 0 0 0 0 0 0 0 0 0 0  0 1 0 0 0 0 0 0 0 0 0 0 0 0 0 0 0 0 0 0  100.53  111.4  27.27    
1 0 0 0 0 0 0 0 0 0 0 0 0 0 0 0 0 0 0 0  1 0 0 0 0 0 0 0 0 0 0 0 0 0 0 0 0 0 0 0  0 1 0 0 0 0 0 0 0 0 0 0 0 0 0 0 0 0 0 0  0 0 0 0 1 0 0 0 0 0 0 0 0 0 0 0 0 0 0 0  111.4  115.58  80.77    
1 0 0 0 0 0 0 0 0 0 0 0 0 0 0 0 0 0 0 0  0 1 0 0 0 0 0 0 0 0 0 0 0 0 0 0 0 0 0 0  0 0 0 0 1 0 0 0 0 0 0 0 0 0 0 0 0 0 0 0  1 0 0 0 0 0 0 0 0 0 0 0 0 0 0 0 0 0 0 0  115.58  109.44  129.82    
0 1 0 0 0 0 0 0 0 0 0 0 0 0 0 0 0 0 0 0  0 0 0 0 1 0 0 0 0 0 0 0 0 0 0 0 0 0 0 0  1 0 0 0 0 0 0 0 0 0 0 0 0 0 0 0 0 0 0 0  0 0 0 0 1 0 0 0 0 0 0 0 0 0 0 0 0 0 0 0  109.44  89.38  137.6    
0 0 0 0 1 0 0 0 0 0 0 0 0 0 0 0 0 0 0 0  1 0 0 0 0 0 0 0 0 0 0 0 0 0 0 0 0 0 0 0  0 0 0 0 1 0 0 0 0 0 0 0 0 0 0 0 0 0 0 0  0 0 0 0 0 0 0 1 0 0 0 0 0 0 0 0 0 0 0 0  89.38  88.25  57.9    
1 0 0 0 0 0 0 0 0 0 0 0 0 0 0 0 0 0 0 0  0 0 0 0 1 0 0 0 0 0 0 0 0 0 0 0 0 0 0 0  0 0 0 0 0 0 0 1 0 0 0 0 0 0 0 0 0 0 0 0  1 0 0 0 0 0 0 0 0 0 0 0 0 0 0 0 0 0 0 0  88.25  92.97  51.88    
0 0 0 0 1 0 0 0 0 0 0 0 0 0 0 0 0 0 0 0  0 0 0 0 0 0 0 1 0 0 0 0 0 0 0 0 0 0 0 0  1 0 0 0 0 0 0 0 0 0 0 0 0 0 0 0 0 0 0 0  0 0 0 0 0 1 0 0 0 0 0 0 0 0 0 0 0 0 0 0  92.97  89.38  46.08    
0 0 0 0 0 0 0 1 0 0 0 0 0 0 0 0 0 0 0 0  1 0 0 0 0 0 0 0 0 0 0 0 0 0 0 0 0 0 0 0  0 0 0 0 0 1 0 0 0 0 0 0 0 0 0 0 0 0 0 0  0 1 0 0 0 0 0 0 0 0 0 0 0 0 0 0 0 0 0 0  89.38  91.18  52.97    
1 0 0 0 0 0 0 0 0 0 0 0 0 0 0 0 0 0 0 0  0 0 0 0 0 1 0 0 0 0 0 0 0 0 0 0 0 0 0 0  0 1 0 0 0 0 0 0 0 0 0 0 0 0 0 0 0 0 0 0  0 0 0 0 0 0 0 0 0 0 0 0 0 0 0 0 0 0 0 1  91.18  90.25  52.01    
0 0 0 0 0 1 0 0 0 0 0 0 0 0 0 0 0 0 0 0  0 1 0 0 0 0 0 0 0 0 0 0 0 0 0 0 0 0 0 0  0 0 0 0 0 0 0 0 0 0 0 0 0 0 0 0 0 0 0 1  1 0 0 0 0 0 0 0 0 0 0 0 0 0 0 0 0 0 0 0  90.25  90.78  51.7    
0 1 0 0 0 0 0 0 0 0 0 0 0 0 0 0 0 0 0 0  0 0 0 0 0 0 0 0 0 0 0 0 0 0 0 0 0 0 0 1  1 0 0 0 0 0 0 0 0 0 0 0 0 0 0 0 0 0 0 0  1 0 0 0 0 0 0 0 0 0 0 0 0 0 0 0 0 0 0 0  90.78  93.19  48.86    
0 0 0 0 0 0 0 0 0 0 0 0 0 0 0 0 0 0 0 1  1 0 0 0 0 0 0 0 0 0 0 0 0 0 0 0 0 0 0 0  1 0 0 0 0 0 0 0 0 0 0 0 0 0 0 0 0 0 0 0  0 0 0 0 0 0 0 0 1 0 0 0 0 0 0 0 0 0 0 0  93.19  92.85  50.96    
1 0 0 0 0 0 0 0 0 0 0 0 0 0 0 0 0 0 0 0  1 0 0 0 0 0 0 0 0 0 0 0 0 0 0 0 0 0 0 0  0 0 0 0 0 0 0 0 1 0 0 0 0 0 0 0 0 0 0 0  0 0 0 0 0 1 0 0 0 0 0 0 0 0 0 0 0 0 0 0  92.85  90.87  47.93    
1 0 0 0 0 0 0 0 0 0 0 0 0 0 0 0 0 0 0 0  0 0 0 0 0 0 0 0 1 0 0 0 0 0 0 0 0 0 0 0  0 0 0 0 0 1 0 0 0 0 0 0 0 0 0 0 0 0 0 0  1 0 0 0 0 0 0 0 0 0 0 0 0 0 0 0 0 0 0 0  90.87  95.49  47.18    
0 0 0 0 0 0 0 0 1 0 0 0 0 0 0 0 0 0 0 0  0 0 0 0 0 1 0 0 0 0 0 0 0 0 0 0 0 0 0 0  1 0 0 0 0 0 0 0 0 0 0 0 0 0 0 0 0 0 0 0  0 0 0 0 0 0 0 0 0 0 1 0 0 0 0 0 0 0 0 0  95.49  87.52  53.17    
0 0 0 0 0 1 0 0 0 0 0 0 0 0 0 0 0 0 0 0  1 0 0 0 0 0 0 0 0 0 0 0 0 0 0 0 0 0 0 0  0 0 0 0 0 0 0 0 0 0 1 0 0 0 0 0 0 0 0 0  0 0 0 0 0 0 0 0 0 0 0 0 0 0 1 0 0 0 0 0  87.52  90.13  57.3    
