0 0 0 0 0 1 0 0 0 0 0 0 0 0 0 0 0 0 0 0      0 0 0 0 0 0 0 0 0 0 0 0 0 0 0 0 1 0 0 0      0 0 0 0 0 1 0 0 0 0 0 0 0 0 0 0 0 0 0 0      0 0 0 0 0 0 0 1 0 0 0 0 0 0 0 0 0 0 0 0      113.69      137.36      150.3        
0 0 0 0 0 0 0 0 0 0 0 0 0 0 0 0 1 0 0 0      0 0 0 0 0 1 0 0 0 0 0 0 0 0 0 0 0 0 0 0      0 0 0 0 0 0 0 1 0 0 0 0 0 0 0 0 0 0 0 0      0 0 0 0 0 0 0 0 0 0 0 0 0 1 0 0 0 0 0 0      137.36      132.92      164.24        
0 0 0 0 0 1 0 0 0 0 0 0 0 0 0 0 0 0 0 0      0 0 0 0 0 0 0 1 0 0 0 0 0 0 0 0 0 0 0 0      0 0 0 0 0 0 0 0 0 0 0 0 0 1 0 0 0 0 0 0      0 1 0 0 0 0 0 0 0 0 0 0 0 0 0 0 0 0 0 0      132.92      105.82      122.26        
0 0 0 0 0 0 0 1 0 0 0 0 0 0 0 0 0 0 0 0      0 0 0 0 0 0 0 0 0 0 0 0 0 1 0 0 0 0 0 0      0 1 0 0 0 0 0 0 0 0 0 0 0 0 0 0 0 0 0 0      0 0 0 0 0 0 0 0 0 0 0 0 0 0 0 0 1 0 0 0      105.82      117.92      167.2        
0 0 0 0 0 0 0 0 0 0 0 0 0 1 0 0 0 0 0 0      0 1 0 0 0 0 0 0 0 0 0 0 0 0 0 0 0 0 0 0      0 0 0 0 0 0 0 0 0 0 0 0 0 0 0 0 1 0 0 0      0 1 0 0 0 0 0 0 0 0 0 0 0 0 0 0 0 0 0 0      117.92      114.46      154.06        
0 1 0 0 0 0 0 0 0 0 0 0 0 0 0 0 0 0 0 0      0 0 0 0 0 0 0 0 0 0 0 0 0 0 0 0 1 0 0 0      0 1 0 0 0 0 0 0 0 0 0 0 0 0 0 0 0 0 0 0      0 0 0 0 0 0 0 0 0 0 0 0 0 0 0 0 1 0 0 0      114.46      113.58      156.66        
0 0 0 0 0 0 0 0 0 0 0 0 0 0 0 0 1 0 0 0      0 1 0 0 0 0 0 0 0 0 0 0 0 0 0 0 0 0 0 0      0 0 0 0 0 0 0 0 0 0 0 0 0 0 0 0 1 0 0 0      0 0 0 0 0 0 0 0 0 0 0 0 0 0 0 0 0 1 0 0      113.58      142.01      165.64        
0 1 0 0 0 0 0 0 0 0 0 0 0 0 0 0 0 0 0 0      0 0 0 0 0 0 0 0 0 0 0 0 0 0 0 0 1 0 0 0      0 0 0 0 0 0 0 0 0 0 0 0 0 0 0 0 0 1 0 0      0 0 0 0 1 0 0 0 0 0 0 0 0 0 0 0 0 0 0 0      142.01      139.31      110.58        
0 0 0 0 0 0 0 0 0 0 0 0 0 0 0 0 1 0 0 0      0 0 0 0 0 0 0 0 0 0 0 0 0 0 0 0 0 1 0 0      0 0 0 0 1 0 0 0 0 0 0 0 0 0 0 0 0 0 0 0      0 0 0 0 0 0 0 0 0 0 0 0 0 0 0 0 0 1 0 0      139.31      119.23      42.5        
0 0 0 0 0 0 0 0 0 0 0 0 0 0 0 0 0 1 0 0      0 0 0 0 1 0 0 0 0 0 0 0 0 0 0 0 0 0 0 0      0 0 0 0 0 0 0 0 0 0 0 0 0 0 0 0 0 1 0 0      0 0 0 0 0 0 0 0 0 0 0 0 0 0 0 0 0 1 0 0      119.23      112.41      91.15        
0 0 0 0 1 0 0 0 0 0 0 0 0 0 0 0 0 0 0 0      0 0 0 0 0 0 0 0 0 0 0 0 0 0 0 0 0 1 0 0      0 0 0 0 0 0 0 0 0 0 0 0 0 0 0 0 0 1 0 0      0 0 1 0 0 0 0 0 0 0 0 0 0 0 0 0 0 0 0 0      112.41      95.4      29.49        
0 0 0 0 0 0 0 0 0 0 0 0 0 0 0 0 0 1 0 0      0 0 0 0 0 0 0 0 0 0 0 0 0 0 0 0 0 1 0 0      0 0 1 0 0 0 0 0 0 0 0 0 0 0 0 0 0 0 0 0      0 0 0 0 0 0 0 0 0 0 0 0 0 0 0 0 0 1 0 0      95.4      91.79      114.08        
0 0 0 0 0 0 0 0 0 0 0 0 0 0 0 0 0 1 0 0      0 0 1 0 0 0 0 0 0 0 0 0 0 0 0 0 0 0 0 0      0 0 0 0 0 0 0 0 0 0 0 0 0 0 0 0 0 1 0 0      0 0 0 0 0 0 0 0 0 0 0 0 0 1 0 0 0 0 0 0      91.79      103.38      103.7        
0 0 1 0 0 0 0 0 0 0 0 0 0 0 0 0 0 0 0 0      0 0 0 0 0 0 0 0 0 0 0 0 0 0 0 0 0 1 0 0      0 0 0 0 0 0 0 0 0 0 0 0 0 1 0 0 0 0 0 0      0 0 1 0 0 0 0 0 0 0 0 0 0 0 0 0 0 0 0 0      103.38      91.96      141.35        
0 0 0 0 0 0 0 0 0 0 0 0 0 0 0 0 0 1 0 0      0 0 0 0 0 0 0 0 0 0 0 0 0 1 0 0 0 0 0 0      0 0 1 0 0 0 0 0 0 0 0 0 0 0 0 0 0 0 0 0      0 0 1 0 0 0 0 0 0 0 0 0 0 0 0 0 0 0 0 0      91.96      95.08      45.26        
0 0 0 0 0 0 0 0 0 0 0 0 0 1 0 0 0 0 0 0      0 0 1 0 0 0 0 0 0 0 0 0 0 0 0 0 0 0 0 0      0 0 1 0 0 0 0 0 0 0 0 0 0 0 0 0 0 0 0 0      0 0 0 0 0 0 0 1 0 0 0 0 0 0 0 0 0 0 0 0      95.08      88.56      48.56        
0 0 1 0 0 0 0 0 0 0 0 0 0 0 0 0 0 0 0 0      0 0 1 0 0 0 0 0 0 0 0 0 0 0 0 0 0 0 0 0      0 0 0 0 0 0 0 1 0 0 0 0 0 0 0 0 0 0 0 0      0 0 0 0 0 0 0 0 0 0 0 0 0 0 0 0 1 0 0 0      88.56      99.84      51.17        
0 0 1 0 0 0 0 0 0 0 0 0 0 0 0 0 0 0 0 0      0 0 0 0 0 0 0 1 0 0 0 0 0 0 0 0 0 0 0 0      0 0 0 0 0 0 0 0 0 0 0 0 0 0 0 0 1 0 0 0      0 0 0 0 0 0 0 0 0 0 0 0 0 1 0 0 0 0 0 0      99.84      91.22      42.19        
0 0 0 0 0 0 0 1 0 0 0 0 0 0 0 0 0 0 0 0      0 0 0 0 0 0 0 0 0 0 0 0 0 0 0 0 1 0 0 0      0 0 0 0 0 0 0 0 0 0 0 0 0 1 0 0 0 0 0 0      0 0 0 0 0 0 0 0 0 0 0 0 0 0 1 0 0 0 0 0      91.22      91.2      62.71        
0 0 0 0 0 0 0 0 0 0 0 0 0 0 0 0 1 0 0 0      0 0 0 0 0 0 0 0 0 0 0 0 0 1 0 0 0 0 0 0      0 0 0 0 0 0 0 0 0 0 0 0 0 0 1 0 0 0 0 0      0 0 0 0 0 0 1 0 0 0 0 0 0 0 0 0 0 0 0 0      91.2      87.65      82.52        
0 0 0 0 0 0 0 0 0 0 0 0 0 1 0 0 0 0 0 0      0 0 0 0 0 0 0 0 0 0 0 0 0 0 1 0 0 0 0 0      0 0 0 0 0 0 1 0 0 0 0 0 0 0 0 0 0 0 0 0      0 1 0 0 0 0 0 0 0 0 0 0 0 0 0 0 0 0 0 0      87.65      102.96      81.51        
0 0 0 0 0 0 0 0 0 0 0 0 0 0 1 0 0 0 0 0      0 0 0 0 0 0 1 0 0 0 0 0 0 0 0 0 0 0 0 0      0 1 0 0 0 0 0 0 0 0 0 0 0 0 0 0 0 0 0 0      0 0 1 0 0 0 0 0 0 0 0 0 0 0 0 0 0 0 0 0      102.96      100.86      159.7        
0 0 0 0 0 0 1 0 0 0 0 0 0 0 0 0 0 0 0 0      0 1 0 0 0 0 0 0 0 0 0 0 0 0 0 0 0 0 0 0      0 0 1 0 0 0 0 0 0 0 0 0 0 0 0 0 0 0 0 0      0 0 0 0 0 0 0 0 0 0 0 0 0 0 0 0 0 1 0 0      100.86      89.43      43.8        
0 1 0 0 0 0 0 0 0 0 0 0 0 0 0 0 0 0 0 0      0 0 1 0 0 0 0 0 0 0 0 0 0 0 0 0 0 0 0 0      0 0 0 0 0 0 0 0 0 0 0 0 0 0 0 0 0 1 0 0      1 0 0 0 0 0 0 0 0 0 0 0 0 0 0 0 0 0 0 0      89.43      87.0      56.72        
0 0 1 0 0 0 0 0 0 0 0 0 0 0 0 0 0 0 0 0      0 0 0 0 0 0 0 0 0 0 0 0 0 0 0 0 0 1 0 0      1 0 0 0 0 0 0 0 0 0 0 0 0 0 0 0 0 0 0 0      0 0 0 0 0 0 0 0 0 0 1 0 0 0 0 0 0 0 0 0      87.0      96.37      47.48        
0 0 0 0 0 0 0 0 0 0 0 0 0 0 0 0 0 1 0 0      1 0 0 0 0 0 0 0 0 0 0 0 0 0 0 0 0 0 0 0      0 0 0 0 0 0 0 0 0 0 1 0 0 0 0 0 0 0 0 0      1 0 0 0 0 0 0 0 0 0 0 0 0 0 0 0 0 0 0 0      96.37      94.29      44.83        
1 0 0 0 0 0 0 0 0 0 0 0 0 0 0 0 0 0 0 0      0 0 0 0 0 0 0 0 0 0 1 0 0 0 0 0 0 0 0 0      1 0 0 0 0 0 0 0 0 0 0 0 0 0 0 0 0 0 0 0      0 0 0 0 0 0 0 0 0 0 0 0 0 1 0 0 0 0 0 0      94.29      98.18      40.54        
0 0 0 0 0 0 0 0 0 0 1 0 0 0 0 0 0 0 0 0      1 0 0 0 0 0 0 0 0 0 0 0 0 0 0 0 0 0 0 0      0 0 0 0 0 0 0 0 0 0 0 0 0 1 0 0 0 0 0 0      0 0 0 0 0 0 0 0 0 0 0 0 0 1 0 0 0 0 0 0      98.18      117.81      134.84        
1 0 0 0 0 0 0 0 0 0 0 0 0 0 0 0 0 0 0 0      0 0 0 0 0 0 0 0 0 0 0 0 0 1 0 0 0 0 0 0      0 0 0 0 0 0 0 0 0 0 0 0 0 1 0 0 0 0 0 0      0 0 0 0 0 0 0 0 0 0 0 1 0 0 0 0 0 0 0 0      117.81      124.9      142.27        
0 0 0 0 0 0 0 0 0 0 0 0 0 1 0 0 0 0 0 0      0 0 0 0 0 0 0 0 0 0 0 0 0 1 0 0 0 0 0 0      0 0 0 0 0 0 0 0 0 0 0 1 0 0 0 0 0 0 0 0      0 0 0 0 0 0 0 0 0 0 0 0 0 0 0 0 1 0 0 0      124.9      115.94      134.38        
0 0 0 0 0 0 0 0 0 0 0 0 0 1 0 0 0 0 0 0      0 0 0 0 0 0 0 0 0 0 0 1 0 0 0 0 0 0 0 0      0 0 0 0 0 0 0 0 0 0 0 0 0 0 0 0 1 0 0 0      0 0 0 0 0 0 0 0 0 0 0 0 0 0 0 1 0 0 0 0      115.94      102.42      159.36        
0 0 0 0 0 0 0 0 0 0 0 1 0 0 0 0 0 0 0 0      0 0 0 0 0 0 0 0 0 0 0 0 0 0 0 0 1 0 0 0      0 0 0 0 0 0 0 0 0 0 0 0 0 0 0 1 0 0 0 0      0 0 1 0 0 0 0 0 0 0 0 0 0 0 0 0 0 0 0 0      102.42      99.15      174.13        
0 0 0 0 0 0 0 0 0 0 0 0 0 0 0 0 1 0 0 0      0 0 0 0 0 0 0 0 0 0 0 0 0 0 0 1 0 0 0 0      0 0 1 0 0 0 0 0 0 0 0 0 0 0 0 0 0 0 0 0      0 1 0 0 0 0 0 0 0 0 0 0 0 0 0 0 0 0 0 0      99.15      89.69      60.37        
0 0 0 0 0 0 0 0 0 0 0 0 0 0 0 1 0 0 0 0      0 0 1 0 0 0 0 0 0 0 0 0 0 0 0 0 0 0 0 0      0 1 0 0 0 0 0 0 0 0 0 0 0 0 0 0 0 0 0 0      0 0 0 0 0 0 0 0 0 0 0 0 0 0 0 0 0 1 0 0      89.69      100.25      26.65        
0 0 1 0 0 0 0 0 0 0 0 0 0 0 0 0 0 0 0 0      0 1 0 0 0 0 0 0 0 0 0 0 0 0 0 0 0 0 0 0      0 0 0 0 0 0 0 0 0 0 0 0 0 0 0 0 0 1 0 0      0 0 0 0 0 0 0 0 0 0 0 0 0 0 0 0 1 0 0 0      100.25      90.18      121.13        
0 1 0 0 0 0 0 0 0 0 0 0 0 0 0 0 0 0 0 0      0 0 0 0 0 0 0 0 0 0 0 0 0 0 0 0 0 1 0 0      0 0 0 0 0 0 0 0 0 0 0 0 0 0 0 0 1 0 0 0      1 0 0 0 0 0 0 0 0 0 0 0 0 0 0 0 0 0 0 0      90.18      134.73      143.39        
0 0 0 0 0 0 0 0 0 0 0 0 0 0 0 0 0 1 0 0      0 0 0 0 0 0 0 0 0 0 0 0 0 0 0 0 1 0 0 0      1 0 0 0 0 0 0 0 0 0 0 0 0 0 0 0 0 0 0 0      0 0 0 0 0 0 0 0 0 0 0 0 0 0 0 0 1 0 0 0      134.73      113.54      150.51        
0 0 0 0 0 0 0 0 0 0 0 0 0 0 0 0 1 0 0 0      1 0 0 0 0 0 0 0 0 0 0 0 0 0 0 0 0 0 0 0      0 0 0 0 0 0 0 0 0 0 0 0 0 0 0 0 1 0 0 0      0 0 0 0 0 0 1 0 0 0 0 0 0 0 0 0 0 0 0 0      113.54      114.05      153.83        
1 0 0 0 0 0 0 0 0 0 0 0 0 0 0 0 0 0 0 0      0 0 0 0 0 0 0 0 0 0 0 0 0 0 0 0 1 0 0 0      0 0 0 0 0 0 1 0 0 0 0 0 0 0 0 0 0 0 0 0      0 0 0 1 0 0 0 0 0 0 0 0 0 0 0 0 0 0 0 0      114.05      115.7      161.39        
0 0 0 0 0 0 0 0 0 0 0 0 0 0 0 0 1 0 0 0      0 0 0 0 0 0 1 0 0 0 0 0 0 0 0 0 0 0 0 0      0 0 0 1 0 0 0 0 0 0 0 0 0 0 0 0 0 0 0 0      0 1 0 0 0 0 0 0 0 0 0 0 0 0 0 0 0 0 0 0      115.7      103.69      145.83        
0 0 0 0 0 0 1 0 0 0 0 0 0 0 0 0 0 0 0 0      0 0 0 1 0 0 0 0 0 0 0 0 0 0 0 0 0 0 0 0      0 1 0 0 0 0 0 0 0 0 0 0 0 0 0 0 0 0 0 0      0 0 0 0 0 0 0 0 0 0 0 0 0 0 0 0 1 0 0 0      103.69      112.45      169.14        
0 0 0 1 0 0 0 0 0 0 0 0 0 0 0 0 0 0 0 0      0 1 0 0 0 0 0 0 0 0 0 0 0 0 0 0 0 0 0 0      0 0 0 0 0 0 0 0 0 0 0 0 0 0 0 0 1 0 0 0      0 0 0 0 0 0 0 1 0 0 0 0 0 0 0 0 0 0 0 0      112.45      119.31      162.35        
0 1 0 0 0 0 0 0 0 0 0 0 0 0 0 0 0 0 0 0      0 0 0 0 0 0 0 0 0 0 0 0 0 0 0 0 1 0 0 0      0 0 0 0 0 0 0 1 0 0 0 0 0 0 0 0 0 0 0 0      0 0 0 0 0 0 1 0 0 0 0 0 0 0 0 0 0 0 0 0      119.31      122.21      175.22        
0 0 0 0 0 0 0 0 0 0 0 0 0 0 0 0 1 0 0 0      0 0 0 0 0 0 0 1 0 0 0 0 0 0 0 0 0 0 0 0      0 0 0 0 0 0 1 0 0 0 0 0 0 0 0 0 0 0 0 0      0 0 1 0 0 0 0 0 0 0 0 0 0 0 0 0 0 0 0 0      122.21      112.6      135.13        
0 0 0 0 0 0 0 1 0 0 0 0 0 0 0 0 0 0 0 0      0 0 0 0 0 0 1 0 0 0 0 0 0 0 0 0 0 0 0 0      0 0 1 0 0 0 0 0 0 0 0 0 0 0 0 0 0 0 0 0      0 0 0 0 0 0 0 0 0 0 0 0 1 0 0 0 0 0 0 0      112.6      133.05      176.87        
0 0 0 0 0 0 1 0 0 0 0 0 0 0 0 0 0 0 0 0      0 0 1 0 0 0 0 0 0 0 0 0 0 0 0 0 0 0 0 0      0 0 0 0 0 0 0 0 0 0 0 0 1 0 0 0 0 0 0 0      0 0 0 0 0 0 0 0 0 0 0 0 0 0 1 0 0 0 0 0      133.05      85.18      103.38        
0 0 1 0 0 0 0 0 0 0 0 0 0 0 0 0 0 0 0 0      0 0 0 0 0 0 0 0 0 0 0 0 1 0 0 0 0 0 0 0      0 0 0 0 0 0 0 0 0 0 0 0 0 0 1 0 0 0 0 0      0 0 0 0 0 0 0 0 0 0 0 0 0 0 0 0 0 1 0 0      85.18      92.27      55.13        
0 0 0 0 0 0 0 0 0 0 0 0 1 0 0 0 0 0 0 0      0 0 0 0 0 0 0 0 0 0 0 0 0 0 1 0 0 0 0 0      0 0 0 0 0 0 0 0 0 0 0 0 0 0 0 0 0 1 0 0      0 0 0 1 0 0 0 0 0 0 0 0 0 0 0 0 0 0 0 0      92.27      132.59      93.68        
0 0 0 0 0 0 0 0 0 0 0 0 0 0 1 0 0 0 0 0      0 0 0 0 0 0 0 0 0 0 0 0 0 0 0 0 0 1 0 0      0 0 0 1 0 0 0 0 0 0 0 0 0 0 0 0 0 0 0 0      0 0 0 0 0 0 0 0 1 0 0 0 0 0 0 0 0 0 0 0      132.59      121.51      25.27        
0 0 0 0 0 0 0 0 0 0 0 0 0 0 0 0 0 1 0 0      0 0 0 1 0 0 0 0 0 0 0 0 0 0 0 0 0 0 0 0      0 0 0 0 0 0 0 0 1 0 0 0 0 0 0 0 0 0 0 0      0 0 0 0 0 0 0 0 0 0 0 0 0 1 0 0 0 0 0 0      121.51      121.79      167.25        
0 0 0 1 0 0 0 0 0 0 0 0 0 0 0 0 0 0 0 0      0 0 0 0 0 0 0 0 1 0 0 0 0 0 0 0 0 0 0 0      0 0 0 0 0 0 0 0 0 0 0 0 0 1 0 0 0 0 0 0      0 0 0 0 0 0 0 1 0 0 0 0 0 0 0 0 0 0 0 0      121.79      123.97      153.71        
0 0 0 0 0 0 0 0 1 0 0 0 0 0 0 0 0 0 0 0      0 0 0 0 0 0 0 0 0 0 0 0 0 1 0 0 0 0 0 0      0 0 0 0 0 0 0 1 0 0 0 0 0 0 0 0 0 0 0 0      0 0 0 0 0 0 0 0 0 0 0 0 1 0 0 0 0 0 0 0      123.97      111.4      163.44        
0 0 0 0 0 0 0 0 0 0 0 0 0 1 0 0 0 0 0 0      0 0 0 0 0 0 0 1 0 0 0 0 0 0 0 0 0 0 0 0      0 0 0 0 0 0 0 0 0 0 0 0 1 0 0 0 0 0 0 0      0 0 0 0 0 0 0 0 0 0 0 0 0 0 0 0 1 0 0 0      111.4      96.88      155.92        
0 0 0 0 0 0 0 1 0 0 0 0 0 0 0 0 0 0 0 0      0 0 0 0 0 0 0 0 0 0 0 0 1 0 0 0 0 0 0 0      0 0 0 0 0 0 0 0 0 0 0 0 0 0 0 0 1 0 0 0      0 0 0 0 0 0 0 0 0 0 0 0 0 0 0 0 0 0 1 0      96.88      115.98      158.85        
0 0 0 0 0 0 0 0 0 0 0 0 1 0 0 0 0 0 0 0      0 0 0 0 0 0 0 0 0 0 0 0 0 0 0 0 1 0 0 0      0 0 0 0 0 0 0 0 0 0 0 0 0 0 0 0 0 0 1 0      0 0 0 0 1 0 0 0 0 0 0 0 0 0 0 0 0 0 0 0      115.98      111.14      144.13        
0 0 0 0 0 0 0 0 0 0 0 0 0 0 0 0 1 0 0 0      0 0 0 0 0 0 0 0 0 0 0 0 0 0 0 0 0 0 1 0      0 0 0 0 1 0 0 0 0 0 0 0 0 0 0 0 0 0 0 0      0 0 1 0 0 0 0 0 0 0 0 0 0 0 0 0 0 0 0 0      111.14      121.76      172.75        
0 0 0 0 0 0 0 0 0 0 0 0 0 0 0 0 0 0 1 0      0 0 0 0 1 0 0 0 0 0 0 0 0 0 0 0 0 0 0 0      0 0 1 0 0 0 0 0 0 0 0 0 0 0 0 0 0 0 0 0      0 0 0 0 0 0 0 0 0 0 0 0 0 0 0 1 0 0 0 0      121.76      126.08      132.18        
0 0 0 0 1 0 0 0 0 0 0 0 0 0 0 0 0 0 0 0      0 0 1 0 0 0 0 0 0 0 0 0 0 0 0 0 0 0 0 0      0 0 0 0 0 0 0 0 0 0 0 0 0 0 0 1 0 0 0 0      0 0 0 0 0 0 0 0 0 0 0 0 0 0 0 0 0 1 0 0      126.08      91.81      130.08        
0 0 1 0 0 0 0 0 0 0 0 0 0 0 0 0 0 0 0 0      0 0 0 0 0 0 0 0 0 0 0 0 0 0 0 1 0 0 0 0      0 0 0 0 0 0 0 0 0 0 0 0 0 0 0 0 0 1 0 0      0 0 0 0 0 1 0 0 0 0 0 0 0 0 0 0 0 0 0 0      91.81      100.99      77.35        
0 0 0 0 0 0 0 0 0 0 0 0 0 0 0 1 0 0 0 0      0 0 0 0 0 0 0 0 0 0 0 0 0 0 0 0 0 1 0 0      0 0 0 0 0 1 0 0 0 0 0 0 0 0 0 0 0 0 0 0      1 0 0 0 0 0 0 0 0 0 0 0 0 0 0 0 0 0 0 0      100.99      88.7      126.48        
0 0 0 0 0 0 0 0 0 0 0 0 0 0 0 0 0 1 0 0      0 0 0 0 0 1 0 0 0 0 0 0 0 0 0 0 0 0 0 0      1 0 0 0 0 0 0 0 0 0 0 0 0 0 0 0 0 0 0 0      0 0 0 0 0 0 0 0 0 0 0 0 0 1 0 0 0 0 0 0      88.7      86.78      77.8        
0 0 0 0 0 1 0 0 0 0 0 0 0 0 0 0 0 0 0 0      1 0 0 0 0 0 0 0 0 0 0 0 0 0 0 0 0 0 0 0      0 0 0 0 0 0 0 0 0 0 0 0 0 1 0 0 0 0 0 0      0 0 0 0 0 0 0 1 0 0 0 0 0 0 0 0 0 0 0 0      86.78      90.39      71.06        
1 0 0 0 0 0 0 0 0 0 0 0 0 0 0 0 0 0 0 0      0 0 0 0 0 0 0 0 0 0 0 0 0 1 0 0 0 0 0 0      0 0 0 0 0 0 0 1 0 0 0 0 0 0 0 0 0 0 0 0      0 0 0 0 0 0 0 0 0 0 0 0 0 0 0 0 0 1 0 0      90.39      104.31      41.19        
0 0 0 0 0 0 0 0 0 0 0 0 0 1 0 0 0 0 0 0      0 0 0 0 0 0 0 1 0 0 0 0 0 0 0 0 0 0 0 0      0 0 0 0 0 0 0 0 0 0 0 0 0 0 0 0 0 1 0 0      0 0 0 0 0 0 0 0 0 0 0 0 0 0 0 0 0 1 0 0      104.31      144.35      52.35        
0 0 0 0 0 0 0 1 0 0 0 0 0 0 0 0 0 0 0 0      0 0 0 0 0 0 0 0 0 0 0 0 0 0 0 0 0 1 0 0      0 0 0 0 0 0 0 0 0 0 0 0 0 0 0 0 0 1 0 0      0 1 0 0 0 0 0 0 0 0 0 0 0 0 0 0 0 0 0 0      144.35      122.2      31.74        
0 0 0 0 0 0 0 0 0 0 0 0 0 0 0 0 0 1 0 0      0 0 0 0 0 0 0 0 0 0 0 0 0 0 0 0 0 1 0 0      0 1 0 0 0 0 0 0 0 0 0 0 0 0 0 0 0 0 0 0      0 0 0 0 0 0 0 0 0 0 0 0 0 0 1 0 0 0 0 0      122.2      123.39      102.84        
0 0 0 0 0 0 0 0 0 0 0 0 0 0 0 0 0 1 0 0      0 1 0 0 0 0 0 0 0 0 0 0 0 0 0 0 0 0 0 0      0 0 0 0 0 0 0 0 0 0 0 0 0 0 1 0 0 0 0 0      0 0 0 0 1 0 0 0 0 0 0 0 0 0 0 0 0 0 0 0      123.39      119.21      98.46        
0 1 0 0 0 0 0 0 0 0 0 0 0 0 0 0 0 0 0 0      0 0 0 0 0 0 0 0 0 0 0 0 0 0 1 0 0 0 0 0      0 0 0 0 1 0 0 0 0 0 0 0 0 0 0 0 0 0 0 0      0 0 0 0 0 0 0 0 0 0 0 0 0 0 0 0 0 1 0 0      119.21      91.24      110.54        
0 0 0 0 0 0 0 0 0 0 0 0 0 0 1 0 0 0 0 0      0 0 0 0 1 0 0 0 0 0 0 0 0 0 0 0 0 0 0 0      0 0 0 0 0 0 0 0 0 0 0 0 0 0 0 0 0 1 0 0      0 0 0 0 0 0 0 0 0 0 0 1 0 0 0 0 0 0 0 0      91.24      89.28      65.82        
0 0 0 0 1 0 0 0 0 0 0 0 0 0 0 0 0 0 0 0      0 0 0 0 0 0 0 0 0 0 0 0 0 0 0 0 0 1 0 0      0 0 0 0 0 0 0 0 0 0 0 1 0 0 0 0 0 0 0 0      0 0 0 0 0 0 0 0 0 0 0 1 0 0 0 0 0 0 0 0      89.28      91.61      58.63        
0 0 0 0 0 0 0 0 0 0 0 0 0 0 0 0 0 1 0 0      0 0 0 0 0 0 0 0 0 0 0 1 0 0 0 0 0 0 0 0      0 0 0 0 0 0 0 0 0 0 0 1 0 0 0 0 0 0 0 0      0 0 0 0 0 0 0 0 1 0 0 0 0 0 0 0 0 0 0 0      91.61      97.39      35.88        
0 0 0 0 0 0 0 0 0 0 0 1 0 0 0 0 0 0 0 0      0 0 0 0 0 0 0 0 0 0 0 1 0 0 0 0 0 0 0 0      0 0 0 0 0 0 0 0 1 0 0 0 0 0 0 0 0 0 0 0      0 0 0 0 0 1 0 0 0 0 0 0 0 0 0 0 0 0 0 0      97.39      115.33      119.97        
0 0 0 0 0 0 0 0 0 0 0 1 0 0 0 0 0 0 0 0      0 0 0 0 0 0 0 0 1 0 0 0 0 0 0 0 0 0 0 0      0 0 0 0 0 1 0 0 0 0 0 0 0 0 0 0 0 0 0 0      0 0 0 0 0 0 0 0 0 0 0 0 0 0 0 1 0 0 0 0      115.33      92.72      1.3        
0 0 0 0 0 0 0 0 1 0 0 0 0 0 0 0 0 0 0 0      0 0 0 0 0 1 0 0 0 0 0 0 0 0 0 0 0 0 0 0      0 0 0 0 0 0 0 0 0 0 0 0 0 0 0 1 0 0 0 0      0 0 0 0 0 1 0 0 0 0 0 0 0 0 0 0 0 0 0 0      92.72      108.85      158.02        
0 0 0 0 0 1 0 0 0 0 0 0 0 0 0 0 0 0 0 0      0 0 0 0 0 0 0 0 0 0 0 0 0 0 0 1 0 0 0 0      0 0 0 0 0 1 0 0 0 0 0 0 0 0 0 0 0 0 0 0      0 0 0 0 0 0 0 0 0 0 0 0 0 0 0 0 0 0 0 1      108.85      98.55      168.55        
0 0 0 0 0 0 0 0 0 0 0 0 0 0 0 1 0 0 0 0      0 0 0 0 0 1 0 0 0 0 0 0 0 0 0 0 0 0 0 0      0 0 0 0 0 0 0 0 0 0 0 0 0 0 0 0 0 0 0 1      0 0 0 0 0 0 0 0 0 0 0 0 0 0 0 1 0 0 0 0      98.55      141.01      0.52        
0 0 0 0 0 1 0 0 0 0 0 0 0 0 0 0 0 0 0 0      0 0 0 0 0 0 0 0 0 0 0 0 0 0 0 0 0 0 0 1      0 0 0 0 0 0 0 0 0 0 0 0 0 0 0 1 0 0 0 0      0 0 0 0 0 0 0 0 1 0 0 0 0 0 0 0 0 0 0 0      141.01      150.2      156.77        
0 0 0 0 0 0 0 0 0 0 0 0 0 0 0 0 0 0 0 1      0 0 0 0 0 0 0 0 0 0 0 0 0 0 0 1 0 0 0 0      0 0 0 0 0 0 0 0 1 0 0 0 0 0 0 0 0 0 0 0      0 0 0 0 0 0 0 0 1 0 0 0 0 0 0 0 0 0 0 0      150.2      121.32      146.06        
0 0 0 0 0 0 0 0 0 0 0 0 0 0 0 1 0 0 0 0      0 0 0 0 0 0 0 0 1 0 0 0 0 0 0 0 0 0 0 0      0 0 0 0 0 0 0 0 1 0 0 0 0 0 0 0 0 0 0 0      0 0 0 0 0 0 0 0 0 1 0 0 0 0 0 0 0 0 0 0      121.32      114.11      158.28        
0 0 0 0 0 0 0 0 1 0 0 0 0 0 0 0 0 0 0 0      0 0 0 0 0 0 0 0 1 0 0 0 0 0 0 0 0 0 0 0      0 0 0 0 0 0 0 0 0 1 0 0 0 0 0 0 0 0 0 0      0 0 0 0 0 0 0 1 0 0 0 0 0 0 0 0 0 0 0 0      114.11      133.75      165.21        
0 0 0 0 0 0 0 0 1 0 0 0 0 0 0 0 0 0 0 0      0 0 0 0 0 0 0 0 0 1 0 0 0 0 0 0 0 0 0 0      0 0 0 0 0 0 0 1 0 0 0 0 0 0 0 0 0 0 0 0      0 0 0 0 1 0 0 0 0 0 0 0 0 0 0 0 0 0 0 0      133.75      133.74      171.29        
0 0 0 0 0 0 0 0 0 1 0 0 0 0 0 0 0 0 0 0      0 0 0 0 0 0 0 1 0 0 0 0 0 0 0 0 0 0 0 0      0 0 0 0 1 0 0 0 0 0 0 0 0 0 0 0 0 0 0 0      0 0 0 0 0 0 0 0 0 0 0 0 0 0 0 0 1 0 0 0      133.74      115.03      106.42        
0 0 0 0 0 0 0 1 0 0 0 0 0 0 0 0 0 0 0 0      0 0 0 0 1 0 0 0 0 0 0 0 0 0 0 0 0 0 0 0      0 0 0 0 0 0 0 0 0 0 0 0 0 0 0 0 1 0 0 0      0 0 1 0 0 0 0 0 0 0 0 0 0 0 0 0 0 0 0 0      115.03      87.39      151.97        
0 0 0 0 1 0 0 0 0 0 0 0 0 0 0 0 0 0 0 0      0 0 0 0 0 0 0 0 0 0 0 0 0 0 0 0 1 0 0 0      0 0 1 0 0 0 0 0 0 0 0 0 0 0 0 0 0 0 0 0      0 0 0 0 0 0 0 0 0 0 1 0 0 0 0 0 0 0 0 0      87.39      91.94      57.35        
0 0 0 0 0 0 0 0 0 0 0 0 0 0 0 0 1 0 0 0      0 0 1 0 0 0 0 0 0 0 0 0 0 0 0 0 0 0 0 0      0 0 0 0 0 0 0 0 0 0 1 0 0 0 0 0 0 0 0 0      0 0 0 0 0 0 0 0 0 0 0 0 0 0 1 0 0 0 0 0      91.94      119.61      60.83        
0 0 1 0 0 0 0 0 0 0 0 0 0 0 0 0 0 0 0 0      0 0 0 0 0 0 0 0 0 0 1 0 0 0 0 0 0 0 0 0      0 0 0 0 0 0 0 0 0 0 0 0 0 0 1 0 0 0 0 0      0 0 0 0 0 0 0 0 0 0 0 0 0 0 0 0 1 0 0 0      119.61      91.26      167.44        
0 0 0 0 0 0 0 0 0 0 1 0 0 0 0 0 0 0 0 0      0 0 0 0 0 0 0 0 0 0 0 0 0 0 1 0 0 0 0 0      0 0 0 0 0 0 0 0 0 0 0 0 0 0 0 0 1 0 0 0      0 0 1 0 0 0 0 0 0 0 0 0 0 0 0 0 0 0 0 0      91.26      93.25      61.77        
0 0 0 0 0 0 0 0 0 0 0 0 0 0 1 0 0 0 0 0      0 0 0 0 0 0 0 0 0 0 0 0 0 0 0 0 1 0 0 0      0 0 1 0 0 0 0 0 0 0 0 0 0 0 0 0 0 0 0 0      0 0 0 0 0 0 0 0 0 0 0 1 0 0 0 0 0 0 0 0      93.25      88.16      55.55        
0 0 0 0 0 0 0 0 0 0 0 0 0 0 0 0 1 0 0 0      0 0 1 0 0 0 0 0 0 0 0 0 0 0 0 0 0 0 0 0      0 0 0 0 0 0 0 0 0 0 0 1 0 0 0 0 0 0 0 0      0 0 0 0 0 0 0 0 0 0 0 0 0 1 0 0 0 0 0 0      88.16      89.7      47.28        
0 0 1 0 0 0 0 0 0 0 0 0 0 0 0 0 0 0 0 0      0 0 0 0 0 0 0 0 0 0 0 1 0 0 0 0 0 0 0 0      0 0 0 0 0 0 0 0 0 0 0 0 0 1 0 0 0 0 0 0      0 0 0 0 0 0 0 0 0 0 0 0 1 0 0 0 0 0 0 0      89.7      90.62      55.44        
0 0 0 0 0 0 0 0 0 0 0 1 0 0 0 0 0 0 0 0      0 0 0 0 0 0 0 0 0 0 0 0 0 1 0 0 0 0 0 0      0 0 0 0 0 0 0 0 0 0 0 0 1 0 0 0 0 0 0 0      0 0 0 0 0 0 0 0 0 0 0 0 0 0 0 0 1 0 0 0      90.62      92.94      53.16        
0 0 0 0 0 0 0 0 0 0 0 0 0 1 0 0 0 0 0 0      0 0 0 0 0 0 0 0 0 0 0 0 1 0 0 0 0 0 0 0      0 0 0 0 0 0 0 0 0 0 0 0 0 0 0 0 1 0 0 0      0 0 0 1 0 0 0 0 0 0 0 0 0 0 0 0 0 0 0 0      92.94      93.6      93.45        
0 0 0 0 0 0 0 0 0 0 0 0 1 0 0 0 0 0 0 0      0 0 0 0 0 0 0 0 0 0 0 0 0 0 0 0 1 0 0 0      0 0 0 1 0 0 0 0 0 0 0 0 0 0 0 0 0 0 0 0      0 0 0 0 0 0 0 0 0 0 0 0 1 0 0 0 0 0 0 0      93.6      89.93      56.33        
0 0 0 0 0 0 0 0 0 0 0 0 0 0 0 0 1 0 0 0      0 0 0 1 0 0 0 0 0 0 0 0 0 0 0 0 0 0 0 0      0 0 0 0 0 0 0 0 0 0 0 0 1 0 0 0 0 0 0 0      0 0 0 0 0 0 0 0 0 0 0 0 0 0 0 0 0 0 1 0      89.93      91.76      53.91        
0 0 0 1 0 0 0 0 0 0 0 0 0 0 0 0 0 0 0 0      0 0 0 0 0 0 0 0 0 0 0 0 1 0 0 0 0 0 0 0      0 0 0 0 0 0 0 0 0 0 0 0 0 0 0 0 0 0 1 0      0 0 0 0 0 0 1 0 0 0 0 0 0 0 0 0 0 0 0 0      91.76      91.39      48.23        
0 0 0 0 0 0 0 0 0 0 0 0 1 0 0 0 0 0 0 0      0 0 0 0 0 0 0 0 0 0 0 0 0 0 0 0 0 0 1 0      0 0 0 0 0 0 1 0 0 0 0 0 0 0 0 0 0 0 0 0      0 0 0 0 0 0 0 0 0 0 0 0 0 0 1 0 0 0 0 0      91.39      89.63      50.46        
0 0 0 0 0 0 0 0 0 0 0 0 0 0 0 0 0 0 1 0      0 0 0 0 0 0 1 0 0 0 0 0 0 0 0 0 0 0 0 0      0 0 0 0 0 0 0 0 0 0 0 0 0 0 1 0 0 0 0 0      0 0 0 0 1 0 0 0 0 0 0 0 0 0 0 0 0 0 0 0      89.63      94.85      50.39        
0 0 0 0 0 0 1 0 0 0 0 0 0 0 0 0 0 0 0 0      0 0 0 0 0 0 0 0 0 0 0 0 0 0 1 0 0 0 0 0      0 0 0 0 1 0 0 0 0 0 0 0 0 0 0 0 0 0 0 0      0 1 0 0 0 0 0 0 0 0 0 0 0 0 0 0 0 0 0 0      94.85      91.78      43.69        
0 0 0 0 0 0 0 0 0 0 0 0 0 0 1 0 0 0 0 0      0 0 0 0 1 0 0 0 0 0 0 0 0 0 0 0 0 0 0 0      0 1 0 0 0 0 0 0 0 0 0 0 0 0 0 0 0 0 0 0      0 0 0 0 0 0 0 0 0 0 0 0 0 0 0 0 1 0 0 0      91.78      94.73      48.69        
0 0 0 0 1 0 0 0 0 0 0 0 0 0 0 0 0 0 0 0      0 1 0 0 0 0 0 0 0 0 0 0 0 0 0 0 0 0 0 0      0 0 0 0 0 0 0 0 0 0 0 0 0 0 0 0 1 0 0 0      0 0 0 0 0 0 0 0 0 0 0 0 0 0 1 0 0 0 0 0      94.73      93.55      44.03        
0 1 0 0 0 0 0 0 0 0 0 0 0 0 0 0 0 0 0 0      0 0 0 0 0 0 0 0 0 0 0 0 0 0 0 0 1 0 0 0      0 0 0 0 0 0 0 0 0 0 0 0 0 0 1 0 0 0 0 0      0 0 0 0 0 0 0 0 0 0 0 0 0 0 0 0 1 0 0 0      93.55      86.12      66.06        
0 0 0 0 0 0 0 0 0 0 0 0 0 0 0 0 1 0 0 0      0 0 0 0 0 0 0 0 0 0 0 0 0 0 1 0 0 0 0 0      0 0 0 0 0 0 0 0 0 0 0 0 0 0 0 0 1 0 0 0      0 0 0 0 0 0 0 0 0 0 0 0 0 0 0 0 0 0 0 1      86.12      104.85      24.76        
0 0 0 0 0 0 0 0 0 0 0 0 0 0 1 0 0 0 0 0      0 0 0 0 0 0 0 0 0 0 0 0 0 0 0 0 1 0 0 0      0 0 0 0 0 0 0 0 0 0 0 0 0 0 0 0 0 0 0 1      1 0 0 0 0 0 0 0 0 0 0 0 0 0 0 0 0 0 0 0      104.85      106.7      25.52        
0 0 0 0 0 0 0 0 0 0 0 0 0 0 0 0 1 0 0 0      0 0 0 0 0 0 0 0 0 0 0 0 0 0 0 0 0 0 0 1      1 0 0 0 0 0 0 0 0 0 0 0 0 0 0 0 0 0 0 0      0 0 0 0 0 0 0 0 0 0 0 0 1 0 0 0 0 0 0 0      106.7      121.85      169.16        
0 0 0 0 0 0 0 0 0 0 0 0 0 0 0 0 0 0 0 1      1 0 0 0 0 0 0 0 0 0 0 0 0 0 0 0 0 0 0 0      0 0 0 0 0 0 0 0 0 0 0 0 1 0 0 0 0 0 0 0      0 0 0 0 0 0 0 0 1 0 0 0 0 0 0 0 0 0 0 0      121.85      99.22      8.15        
1 0 0 0 0 0 0 0 0 0 0 0 0 0 0 0 0 0 0 0      0 0 0 0 0 0 0 0 0 0 0 0 1 0 0 0 0 0 0 0      0 0 0 0 0 0 0 0 1 0 0 0 0 0 0 0 0 0 0 0      0 0 0 1 0 0 0 0 0 0 0 0 0 0 0 0 0 0 0 0      99.22      116.87      142.38        
0 0 0 0 0 0 0 0 0 0 0 0 1 0 0 0 0 0 0 0      0 0 0 0 0 0 0 0 1 0 0 0 0 0 0 0 0 0 0 0      0 0 0 1 0 0 0 0 0 0 0 0 0 0 0 0 0 0 0 0      0 0 0 0 0 0 0 0 1 0 0 0 0 0 0 0 0 0 0 0      116.87      111.03      89.42        
0 0 0 0 0 0 0 0 1 0 0 0 0 0 0 0 0 0 0 0      0 0 0 1 0 0 0 0 0 0 0 0 0 0 0 0 0 0 0 0      0 0 0 0 0 0 0 0 1 0 0 0 0 0 0 0 0 0 0 0      0 0 0 0 0 0 0 0 0 0 0 0 0 0 0 0 1 0 0 0      111.03      133.56      169.97        
0 0 0 1 0 0 0 0 0 0 0 0 0 0 0 0 0 0 0 0      0 0 0 0 0 0 0 0 1 0 0 0 0 0 0 0 0 0 0 0      0 0 0 0 0 0 0 0 0 0 0 0 0 0 0 0 1 0 0 0      0 1 0 0 0 0 0 0 0 0 0 0 0 0 0 0 0 0 0 0      133.56      122.44      157.99        
0 0 0 0 0 0 0 0 1 0 0 0 0 0 0 0 0 0 0 0      0 0 0 0 0 0 0 0 0 0 0 0 0 0 0 0 1 0 0 0      0 1 0 0 0 0 0 0 0 0 0 0 0 0 0 0 0 0 0 0      0 0 0 0 0 0 0 0 0 0 0 0 0 0 0 0 0 0 0 1      122.44      114.78      148.17        
0 0 0 0 0 0 0 0 0 0 0 0 0 0 0 0 1 0 0 0      0 1 0 0 0 0 0 0 0 0 0 0 0 0 0 0 0 0 0 0      0 0 0 0 0 0 0 0 0 0 0 0 0 0 0 0 0 0 0 1      0 0 0 0 0 0 0 0 0 0 0 0 0 0 0 0 0 1 0 0      114.78      129.66      170.19        
0 1 0 0 0 0 0 0 0 0 0 0 0 0 0 0 0 0 0 0      0 0 0 0 0 0 0 0 0 0 0 0 0 0 0 0 0 0 0 1      0 0 0 0 0 0 0 0 0 0 0 0 0 0 0 0 0 1 0 0      0 0 0 0 0 0 0 0 0 0 0 0 1 0 0 0 0 0 0 0      129.66      104.84      156.3        
0 0 0 0 0 0 0 0 0 0 0 0 0 0 0 0 0 0 0 1      0 0 0 0 0 0 0 0 0 0 0 0 0 0 0 0 0 1 0 0      0 0 0 0 0 0 0 0 0 0 0 0 1 0 0 0 0 0 0 0      0 0 0 0 0 0 0 0 0 0 0 0 0 1 0 0 0 0 0 0      104.84      133.13      158.57        
0 0 0 0 0 0 0 0 0 0 0 0 0 0 0 0 0 1 0 0      0 0 0 0 0 0 0 0 0 0 0 0 1 0 0 0 0 0 0 0      0 0 0 0 0 0 0 0 0 0 0 0 0 1 0 0 0 0 0 0      0 0 0 0 0 0 0 0 0 0 0 0 0 0 0 0 1 0 0 0      133.13      97.91      40.65        
0 0 0 0 0 0 0 0 0 0 0 0 1 0 0 0 0 0 0 0      0 0 0 0 0 0 0 0 0 0 0 0 0 1 0 0 0 0 0 0      0 0 0 0 0 0 0 0 0 0 0 0 0 0 0 0 1 0 0 0      0 0 0 0 1 0 0 0 0 0 0 0 0 0 0 0 0 0 0 0      97.91      88.08      149.87        
0 0 0 0 0 0 0 0 0 0 0 0 0 1 0 0 0 0 0 0      0 0 0 0 0 0 0 0 0 0 0 0 0 0 0 0 1 0 0 0      0 0 0 0 1 0 0 0 0 0 0 0 0 0 0 0 0 0 0 0      0 0 0 0 0 0 0 0 1 0 0 0 0 0 0 0 0 0 0 0      88.08      85.66      82.06        
0 0 0 0 0 0 0 0 0 0 0 0 0 0 0 0 1 0 0 0      0 0 0 0 1 0 0 0 0 0 0 0 0 0 0 0 0 0 0 0      0 0 0 0 0 0 0 0 1 0 0 0 0 0 0 0 0 0 0 0      0 0 0 0 0 0 0 0 0 0 0 0 0 1 0 0 0 0 0 0      85.66      116.11      96.89        
0 0 0 0 1 0 0 0 0 0 0 0 0 0 0 0 0 0 0 0      0 0 0 0 0 0 0 0 1 0 0 0 0 0 0 0 0 0 0 0      0 0 0 0 0 0 0 0 0 0 0 0 0 1 0 0 0 0 0 0      0 0 0 0 1 0 0 0 0 0 0 0 0 0 0 0 0 0 0 0      116.11      95.84      148.55        
0 0 0 0 0 0 0 0 1 0 0 0 0 0 0 0 0 0 0 0      0 0 0 0 0 0 0 0 0 0 0 0 0 1 0 0 0 0 0 0      0 0 0 0 1 0 0 0 0 0 0 0 0 0 0 0 0 0 0 0      0 0 0 0 0 0 0 0 0 0 0 0 0 0 1 0 0 0 0 0      95.84      98.52      66.86        
0 0 0 0 0 0 0 0 0 0 0 0 0 1 0 0 0 0 0 0      0 0 0 0 1 0 0 0 0 0 0 0 0 0 0 0 0 0 0 0      0 0 0 0 0 0 0 0 0 0 0 0 0 0 1 0 0 0 0 0      0 0 0 0 0 0 0 0 0 0 0 0 0 1 0 0 0 0 0 0      98.52      119.0      178.23        
0 0 0 0 1 0 0 0 0 0 0 0 0 0 0 0 0 0 0 0      0 0 0 0 0 0 0 0 0 0 0 0 0 0 1 0 0 0 0 0      0 0 0 0 0 0 0 0 0 0 0 0 0 1 0 0 0 0 0 0      0 0 0 0 0 0 0 0 0 0 0 0 0 0 0 0 1 0 0 0      119.0      105.61      179.29        
0 0 0 0 0 0 0 0 0 0 0 0 0 0 1 0 0 0 0 0      0 0 0 0 0 0 0 0 0 0 0 0 0 1 0 0 0 0 0 0      0 0 0 0 0 0 0 0 0 0 0 0 0 0 0 0 1 0 0 0      0 0 0 0 0 0 0 0 0 0 0 0 0 1 0 0 0 0 0 0      105.61      107.38      52.21        
0 0 0 0 0 0 0 0 0 0 0 0 0 1 0 0 0 0 0 0      0 0 0 0 0 0 0 0 0 0 0 0 0 0 0 0 1 0 0 0      0 0 0 0 0 0 0 0 0 0 0 0 0 1 0 0 0 0 0 0      0 0 0 0 0 0 0 0 0 0 0 0 0 0 0 1 0 0 0 0      107.38      132.44      170.89        
0 0 0 0 0 0 0 0 0 0 0 0 0 0 0 0 1 0 0 0      0 0 0 0 0 0 0 0 0 0 0 0 0 1 0 0 0 0 0 0      0 0 0 0 0 0 0 0 0 0 0 0 0 0 0 1 0 0 0 0      0 0 0 0 0 0 0 0 0 0 0 0 0 1 0 0 0 0 0 0      132.44      94.49      97.75        
0 0 0 0 0 0 0 0 0 0 0 0 0 1 0 0 0 0 0 0      0 0 0 0 0 0 0 0 0 0 0 0 0 0 0 1 0 0 0 0      0 0 0 0 0 0 0 0 0 0 0 0 0 1 0 0 0 0 0 0      0 0 0 0 0 0 0 0 0 0 1 0 0 0 0 0 0 0 0 0      94.49      89.81      56.84        
0 0 0 0 0 0 0 0 0 0 0 0 0 0 0 1 0 0 0 0      0 0 0 0 0 0 0 0 0 0 0 0 0 1 0 0 0 0 0 0      0 0 0 0 0 0 0 0 0 0 1 0 0 0 0 0 0 0 0 0      0 0 0 0 0 0 0 0 1 0 0 0 0 0 0 0 0 0 0 0      89.81      94.28      48.2        
0 0 0 0 0 0 0 0 0 0 0 0 0 1 0 0 0 0 0 0      0 0 0 0 0 0 0 0 0 0 1 0 0 0 0 0 0 0 0 0      0 0 0 0 0 0 0 0 1 0 0 0 0 0 0 0 0 0 0 0      0 0 0 0 0 0 0 0 0 0 0 0 0 0 0 0 1 0 0 0      94.28      103.49      95.18        
0 0 0 0 0 0 0 0 0 0 1 0 0 0 0 0 0 0 0 0      0 0 0 0 0 0 0 0 1 0 0 0 0 0 0 0 0 0 0 0      0 0 0 0 0 0 0 0 0 0 0 0 0 0 0 0 1 0 0 0      0 0 0 0 0 0 0 1 0 0 0 0 0 0 0 0 0 0 0 0      103.49      109.85      131.67        
0 0 0 0 0 0 0 0 1 0 0 0 0 0 0 0 0 0 0 0      0 0 0 0 0 0 0 0 0 0 0 0 0 0 0 0 1 0 0 0      0 0 0 0 0 0 0 1 0 0 0 0 0 0 0 0 0 0 0 0      0 0 0 0 0 0 1 0 0 0 0 0 0 0 0 0 0 0 0 0      109.85      95.59      92.49        
0 0 0 0 0 0 0 0 0 0 0 0 0 0 0 0 1 0 0 0      0 0 0 0 0 0 0 1 0 0 0 0 0 0 0 0 0 0 0 0      0 0 0 0 0 0 1 0 0 0 0 0 0 0 0 0 0 0 0 0      0 0 0 0 0 0 0 0 0 0 0 0 0 0 1 0 0 0 0 0      95.59      93.83      53.26        
0 0 0 0 0 0 0 1 0 0 0 0 0 0 0 0 0 0 0 0      0 0 0 0 0 0 1 0 0 0 0 0 0 0 0 0 0 0 0 0      0 0 0 0 0 0 0 0 0 0 0 0 0 0 1 0 0 0 0 0      0 0 0 0 0 0 0 0 0 0 0 0 0 1 0 0 0 0 0 0      93.83      88.91      59.07        
0 0 0 0 0 0 1 0 0 0 0 0 0 0 0 0 0 0 0 0      0 0 0 0 0 0 0 0 0 0 0 0 0 0 1 0 0 0 0 0      0 0 0 0 0 0 0 0 0 0 0 0 0 1 0 0 0 0 0 0      0 0 0 0 0 0 0 0 0 0 0 0 0 1 0 0 0 0 0 0      88.91      100.73      49.64        
0 0 0 0 0 0 0 0 0 0 0 0 0 0 1 0 0 0 0 0      0 0 0 0 0 0 0 0 0 0 0 0 0 1 0 0 0 0 0 0      0 0 0 0 0 0 0 0 0 0 0 0 0 1 0 0 0 0 0 0      0 0 0 0 0 0 0 0 0 0 0 0 1 0 0 0 0 0 0 0      100.73      103.93      37.36        
0 0 0 0 0 0 0 0 0 0 0 0 0 1 0 0 0 0 0 0      0 0 0 0 0 0 0 0 0 0 0 0 0 1 0 0 0 0 0 0      0 0 0 0 0 0 0 0 0 0 0 0 1 0 0 0 0 0 0 0      0 1 0 0 0 0 0 0 0 0 0 0 0 0 0 0 0 0 0 0      103.93      93.1      98.35        
0 0 0 0 0 0 0 0 0 0 0 0 0 1 0 0 0 0 0 0      0 0 0 0 0 0 0 0 0 0 0 0 1 0 0 0 0 0 0 0      0 1 0 0 0 0 0 0 0 0 0 0 0 0 0 0 0 0 0 0      0 0 0 0 0 1 0 0 0 0 0 0 0 0 0 0 0 0 0 0      93.1      128.79      143.74        
0 0 0 0 0 0 0 0 0 0 0 0 1 0 0 0 0 0 0 0      0 1 0 0 0 0 0 0 0 0 0 0 0 0 0 0 0 0 0 0      0 0 0 0 0 1 0 0 0 0 0 0 0 0 0 0 0 0 0 0      0 0 0 0 0 0 0 0 0 0 0 1 0 0 0 0 0 0 0 0      128.79      119.64      129.77        
0 1 0 0 0 0 0 0 0 0 0 0 0 0 0 0 0 0 0 0      0 0 0 0 0 1 0 0 0 0 0 0 0 0 0 0 0 0 0 0      0 0 0 0 0 0 0 0 0 0 0 1 0 0 0 0 0 0 0 0      0 0 0 0 0 0 0 0 0 0 0 1 0 0 0 0 0 0 0 0      119.64      133.08      145.62        
0 0 0 0 0 1 0 0 0 0 0 0 0 0 0 0 0 0 0 0      0 0 0 0 0 0 0 0 0 0 0 1 0 0 0 0 0 0 0 0      0 0 0 0 0 0 0 0 0 0 0 1 0 0 0 0 0 0 0 0      0 0 0 0 1 0 0 0 0 0 0 0 0 0 0 0 0 0 0 0      133.08      132.99      173.49        
0 0 0 0 0 0 0 0 0 0 0 1 0 0 0 0 0 0 0 0      0 0 0 0 0 0 0 0 0 0 0 1 0 0 0 0 0 0 0 0      0 0 0 0 1 0 0 0 0 0 0 0 0 0 0 0 0 0 0 0      0 0 0 0 0 0 0 0 1 0 0 0 0 0 0 0 0 0 0 0      132.99      106.52      135.51        
0 0 0 0 0 0 0 0 0 0 0 1 0 0 0 0 0 0 0 0      0 0 0 0 1 0 0 0 0 0 0 0 0 0 0 0 0 0 0 0      0 0 0 0 0 0 0 0 1 0 0 0 0 0 0 0 0 0 0 0      0 0 0 0 0 0 0 0 0 0 1 0 0 0 0 0 0 0 0 0      106.52      139.91      179.51        
0 0 0 0 1 0 0 0 0 0 0 0 0 0 0 0 0 0 0 0      0 0 0 0 0 0 0 0 1 0 0 0 0 0 0 0 0 0 0 0      0 0 0 0 0 0 0 0 0 0 1 0 0 0 0 0 0 0 0 0      0 0 0 0 0 0 0 0 0 0 0 0 0 0 0 1 0 0 0 0      139.91      113.52      157.59        
0 0 0 0 0 0 0 0 1 0 0 0 0 0 0 0 0 0 0 0      0 0 0 0 0 0 0 0 0 0 1 0 0 0 0 0 0 0 0 0      0 0 0 0 0 0 0 0 0 0 0 0 0 0 0 1 0 0 0 0      0 0 0 0 0 0 0 0 0 0 0 0 0 1 0 0 0 0 0 0      113.52      93.66      169.92        
0 0 0 0 0 0 0 0 0 0 1 0 0 0 0 0 0 0 0 0      0 0 0 0 0 0 0 0 0 0 0 0 0 0 0 1 0 0 0 0      0 0 0 0 0 0 0 0 0 0 0 0 0 1 0 0 0 0 0 0      0 0 0 0 0 0 0 0 0 0 1 0 0 0 0 0 0 0 0 0      93.66      94.09      54.91        
0 0 0 0 0 0 0 0 0 0 0 0 0 0 0 1 0 0 0 0      0 0 0 0 0 0 0 0 0 0 0 0 0 1 0 0 0 0 0 0      0 0 0 0 0 0 0 0 0 0 1 0 0 0 0 0 0 0 0 0      0 0 0 0 0 0 0 0 0 0 0 0 1 0 0 0 0 0 0 0      94.09      96.54      35.04        
0 0 0 0 0 0 0 0 0 0 0 0 0 1 0 0 0 0 0 0      0 0 0 0 0 0 0 0 0 0 1 0 0 0 0 0 0 0 0 0      0 0 0 0 0 0 0 0 0 0 0 0 1 0 0 0 0 0 0 0      0 0 0 0 0 0 0 0 0 0 0 1 0 0 0 0 0 0 0 0      96.54      86.54      120.3        
0 0 0 0 0 0 0 0 0 0 1 0 0 0 0 0 0 0 0 0      0 0 0 0 0 0 0 0 0 0 0 0 1 0 0 0 0 0 0 0      0 0 0 0 0 0 0 0 0 0 0 1 0 0 0 0 0 0 0 0      0 0 0 0 0 0 0 0 0 0 0 0 1 0 0 0 0 0 0 0      86.54      111.53      168.89        
0 0 0 0 0 0 0 0 0 0 0 0 1 0 0 0 0 0 0 0      0 0 0 0 0 0 0 0 0 0 0 1 0 0 0 0 0 0 0 0      0 0 0 0 0 0 0 0 0 0 0 0 1 0 0 0 0 0 0 0      0 0 0 0 0 0 0 1 0 0 0 0 0 0 0 0 0 0 0 0      111.53      88.17      13.12        
0 0 0 0 0 0 0 0 0 0 0 1 0 0 0 0 0 0 0 0      0 0 0 0 0 0 0 0 0 0 0 0 1 0 0 0 0 0 0 0      0 0 0 0 0 0 0 1 0 0 0 0 0 0 0 0 0 0 0 0      1 0 0 0 0 0 0 0 0 0 0 0 0 0 0 0 0 0 0 0      88.17      93.93      149.07        
0 0 0 0 0 0 0 0 0 0 0 0 1 0 0 0 0 0 0 0      0 0 0 0 0 0 0 1 0 0 0 0 0 0 0 0 0 0 0 0      1 0 0 0 0 0 0 0 0 0 0 0 0 0 0 0 0 0 0 0      0 0 0 0 0 0 0 0 0 0 0 0 0 1 0 0 0 0 0 0      93.93      98.73      43.65        
0 0 0 0 0 0 0 1 0 0 0 0 0 0 0 0 0 0 0 0      1 0 0 0 0 0 0 0 0 0 0 0 0 0 0 0 0 0 0 0      0 0 0 0 0 0 0 0 0 0 0 0 0 1 0 0 0 0 0 0      0 0 0 1 0 0 0 0 0 0 0 0 0 0 0 0 0 0 0 0      98.73      99.47      83.47        
1 0 0 0 0 0 0 0 0 0 0 0 0 0 0 0 0 0 0 0      0 0 0 0 0 0 0 0 0 0 0 0 0 1 0 0 0 0 0 0      0 0 0 1 0 0 0 0 0 0 0 0 0 0 0 0 0 0 0 0      0 0 0 0 0 0 0 1 0 0 0 0 0 0 0 0 0 0 0 0      99.47      90.9      49.14        
0 0 0 0 0 0 0 0 0 0 0 0 0 1 0 0 0 0 0 0      0 0 0 1 0 0 0 0 0 0 0 0 0 0 0 0 0 0 0 0      0 0 0 0 0 0 0 1 0 0 0 0 0 0 0 0 0 0 0 0      0 1 0 0 0 0 0 0 0 0 0 0 0 0 0 0 0 0 0 0      90.9      93.7      47.0        
0 0 0 1 0 0 0 0 0 0 0 0 0 0 0 0 0 0 0 0      0 0 0 0 0 0 0 1 0 0 0 0 0 0 0 0 0 0 0 0      0 1 0 0 0 0 0 0 0 0 0 0 0 0 0 0 0 0 0 0      0 0 0 0 0 0 0 0 0 0 0 0 0 0 0 0 0 0 1 0      93.7      93.44      51.26        
0 0 0 0 0 0 0 1 0 0 0 0 0 0 0 0 0 0 0 0      0 1 0 0 0 0 0 0 0 0 0 0 0 0 0 0 0 0 0 0      0 0 0 0 0 0 0 0 0 0 0 0 0 0 0 0 0 0 1 0      0 1 0 0 0 0 0 0 0 0 0 0 0 0 0 0 0 0 0 0      93.44      90.42      49.05        
0 1 0 0 0 0 0 0 0 0 0 0 0 0 0 0 0 0 0 0      0 0 0 0 0 0 0 0 0 0 0 0 0 0 0 0 0 0 1 0      0 1 0 0 0 0 0 0 0 0 0 0 0 0 0 0 0 0 0 0      0 0 0 0 0 0 0 0 0 0 0 0 0 0 0 1 0 0 0 0      90.42      93.75      47.99        
0 0 0 0 0 0 0 0 0 0 0 0 0 0 0 0 0 0 1 0      0 1 0 0 0 0 0 0 0 0 0 0 0 0 0 0 0 0 0 0      0 0 0 0 0 0 0 0 0 0 0 0 0 0 0 1 0 0 0 0      0 0 0 0 0 0 0 0 0 0 0 0 0 0 1 0 0 0 0 0      93.75      90.51      51.99        
0 1 0 0 0 0 0 0 0 0 0 0 0 0 0 0 0 0 0 0      0 0 0 0 0 0 0 0 0 0 0 0 0 0 0 1 0 0 0 0      0 0 0 0 0 0 0 0 0 0 0 0 0 0 1 0 0 0 0 0      0 0 0 0 0 0 0 0 0 0 0 0 0 1 0 0 0 0 0 0      90.51      90.8      49.58        
0 0 0 0 0 0 0 0 0 0 0 0 0 0 0 1 0 0 0 0      0 0 0 0 0 0 0 0 0 0 0 0 0 0 1 0 0 0 0 0      0 0 0 0 0 0 0 0 0 0 0 0 0 1 0 0 0 0 0 0      0 1 0 0 0 0 0 0 0 0 0 0 0 0 0 0 0 0 0 0      90.8      96.91      45.31        
0 0 0 0 0 0 0 0 0 0 0 0 0 0 1 0 0 0 0 0      0 0 0 0 0 0 0 0 0 0 0 0 0 1 0 0 0 0 0 0      0 1 0 0 0 0 0 0 0 0 0 0 0 0 0 0 0 0 0 0      0 0 0 0 0 0 0 0 1 0 0 0 0 0 0 0 0 0 0 0      96.91      97.53      44.45        
0 0 0 0 0 0 0 0 0 0 0 0 0 1 0 0 0 0 0 0      0 1 0 0 0 0 0 0 0 0 0 0 0 0 0 0 0 0 0 0      0 0 0 0 0 0 0 0 1 0 0 0 0 0 0 0 0 0 0 0      0 0 0 0 0 0 0 0 0 0 0 0 0 0 0 0 0 1 0 0      97.53      92.38      38.5        
0 1 0 0 0 0 0 0 0 0 0 0 0 0 0 0 0 0 0 0      0 0 0 0 0 0 0 0 1 0 0 0 0 0 0 0 0 0 0 0      0 0 0 0 0 0 0 0 0 0 0 0 0 0 0 0 0 1 0 0      0 0 0 0 1 0 0 0 0 0 0 0 0 0 0 0 0 0 0 0      92.38      95.7      128.38        
0 0 0 0 0 0 0 0 1 0 0 0 0 0 0 0 0 0 0 0      0 0 0 0 0 0 0 0 0 0 0 0 0 0 0 0 0 1 0 0      0 0 0 0 1 0 0 0 0 0 0 0 0 0 0 0 0 0 0 0      0 0 0 1 0 0 0 0 0 0 0 0 0 0 0 0 0 0 0 0      95.7      116.52      125.65        
0 0 0 0 0 0 0 0 0 0 0 0 0 0 0 0 0 1 0 0      0 0 0 0 1 0 0 0 0 0 0 0 0 0 0 0 0 0 0 0      0 0 0 1 0 0 0 0 0 0 0 0 0 0 0 0 0 0 0 0      0 0 0 0 0 0 0 0 0 0 0 0 1 0 0 0 0 0 0 0      116.52      89.0      170.75        
0 0 0 0 1 0 0 0 0 0 0 0 0 0 0 0 0 0 0 0      0 0 0 1 0 0 0 0 0 0 0 0 0 0 0 0 0 0 0 0      0 0 0 0 0 0 0 0 0 0 0 0 1 0 0 0 0 0 0 0      0 1 0 0 0 0 0 0 0 0 0 0 0 0 0 0 0 0 0 0      89.0      96.42      57.6        
0 0 0 1 0 0 0 0 0 0 0 0 0 0 0 0 0 0 0 0      0 0 0 0 0 0 0 0 0 0 0 0 1 0 0 0 0 0 0 0      0 1 0 0 0 0 0 0 0 0 0 0 0 0 0 0 0 0 0 0      1 0 0 0 0 0 0 0 0 0 0 0 0 0 0 0 0 0 0 0      96.42      111.86      131.42        
0 0 0 0 0 0 0 0 0 0 0 0 1 0 0 0 0 0 0 0      0 1 0 0 0 0 0 0 0 0 0 0 0 0 0 0 0 0 0 0      1 0 0 0 0 0 0 0 0 0 0 0 0 0 0 0 0 0 0 0      0 0 0 0 0 0 0 1 0 0 0 0 0 0 0 0 0 0 0 0      111.86      136.04      174.83        
0 1 0 0 0 0 0 0 0 0 0 0 0 0 0 0 0 0 0 0      1 0 0 0 0 0 0 0 0 0 0 0 0 0 0 0 0 0 0 0      0 0 0 0 0 0 0 1 0 0 0 0 0 0 0 0 0 0 0 0      0 0 0 0 0 0 0 0 0 0 0 0 0 0 0 0 1 0 0 0      136.04      108.4      118.77        
1 0 0 0 0 0 0 0 0 0 0 0 0 0 0 0 0 0 0 0      0 0 0 0 0 0 0 1 0 0 0 0 0 0 0 0 0 0 0 0      0 0 0 0 0 0 0 0 0 0 0 0 0 0 0 0 1 0 0 0      0 0 0 0 0 0 0 0 0 0 0 0 0 0 0 1 0 0 0 0      108.4      90.38      153.69        
0 0 0 0 0 0 0 1 0 0 0 0 0 0 0 0 0 0 0 0      0 0 0 0 0 0 0 0 0 0 0 0 0 0 0 0 1 0 0 0      0 0 0 0 0 0 0 0 0 0 0 0 0 0 0 1 0 0 0 0      0 0 0 0 0 0 0 0 0 1 0 0 0 0 0 0 0 0 0 0      90.38      140.52      4.9        
0 0 0 0 0 0 0 0 0 0 0 0 0 0 0 0 1 0 0 0      0 0 0 0 0 0 0 0 0 0 0 0 0 0 0 1 0 0 0 0      0 0 0 0 0 0 0 0 0 1 0 0 0 0 0 0 0 0 0 0      0 0 0 1 0 0 0 0 0 0 0 0 0 0 0 0 0 0 0 0      140.52      114.72      98.96        
0 0 0 0 0 0 0 0 0 0 0 0 0 0 0 1 0 0 0 0      0 0 0 0 0 0 0 0 0 1 0 0 0 0 0 0 0 0 0 0      0 0 0 1 0 0 0 0 0 0 0 0 0 0 0 0 0 0 0 0      0 0 0 0 0 0 0 0 0 0 0 0 0 0 0 1 0 0 0 0      114.72      116.93      112.15        
0 0 0 0 0 0 0 0 0 1 0 0 0 0 0 0 0 0 0 0      0 0 0 1 0 0 0 0 0 0 0 0 0 0 0 0 0 0 0 0      0 0 0 0 0 0 0 0 0 0 0 0 0 0 0 1 0 0 0 0      0 1 0 0 0 0 0 0 0 0 0 0 0 0 0 0 0 0 0 0      116.93      105.82      83.73        
0 0 0 1 0 0 0 0 0 0 0 0 0 0 0 0 0 0 0 0      0 0 0 0 0 0 0 0 0 0 0 0 0 0 0 1 0 0 0 0      0 1 0 0 0 0 0 0 0 0 0 0 0 0 0 0 0 0 0 0      0 0 0 0 0 0 0 0 0 0 0 0 0 0 0 1 0 0 0 0      105.82      135.88      170.85        
0 0 0 0 0 0 0 0 0 0 0 0 0 0 0 1 0 0 0 0      0 1 0 0 0 0 0 0 0 0 0 0 0 0 0 0 0 0 0 0      0 0 0 0 0 0 0 0 0 0 0 0 0 0 0 1 0 0 0 0      0 0 0 1 0 0 0 0 0 0 0 0 0 0 0 0 0 0 0 0      135.88      106.88      95.54        
0 1 0 0 0 0 0 0 0 0 0 0 0 0 0 0 0 0 0 0      0 0 0 0 0 0 0 0 0 0 0 0 0 0 0 1 0 0 0 0      0 0 0 1 0 0 0 0 0 0 0 0 0 0 0 0 0 0 0 0      0 0 0 1 0 0 0 0 0 0 0 0 0 0 0 0 0 0 0 0      106.88      114.92      97.08        
0 0 0 0 0 0 0 0 0 0 0 0 0 0 0 1 0 0 0 0      0 0 0 1 0 0 0 0 0 0 0 0 0 0 0 0 0 0 0 0      0 0 0 1 0 0 0 0 0 0 0 0 0 0 0 0 0 0 0 0      1 0 0 0 0 0 0 0 0 0 0 0 0 0 0 0 0 0 0 0      114.92      110.82      84.85        
0 0 0 1 0 0 0 0 0 0 0 0 0 0 0 0 0 0 0 0      0 0 0 1 0 0 0 0 0 0 0 0 0 0 0 0 0 0 0 0      1 0 0 0 0 0 0 0 0 0 0 0 0 0 0 0 0 0 0 0      0 0 0 0 0 0 0 0 0 0 0 0 0 0 0 0 1 0 0 0      110.82      92.77      163.86        
0 0 0 1 0 0 0 0 0 0 0 0 0 0 0 0 0 0 0 0      1 0 0 0 0 0 0 0 0 0 0 0 0 0 0 0 0 0 0 0      0 0 0 0 0 0 0 0 0 0 0 0 0 0 0 0 1 0 0 0      0 0 0 0 0 0 0 0 0 0 0 0 0 0 0 0 1 0 0 0      92.77      131.85      29.28        
1 0 0 0 0 0 0 0 0 0 0 0 0 0 0 0 0 0 0 0      0 0 0 0 0 0 0 0 0 0 0 0 0 0 0 0 1 0 0 0      0 0 0 0 0 0 0 0 0 0 0 0 0 0 0 0 1 0 0 0      0 0 0 0 0 0 0 0 0 1 0 0 0 0 0 0 0 0 0 0      131.85      117.35      106.47        
0 0 0 0 0 0 0 0 0 0 0 0 0 0 0 0 1 0 0 0      0 0 0 0 0 0 0 0 0 0 0 0 0 0 0 0 1 0 0 0      0 0 0 0 0 0 0 0 0 1 0 0 0 0 0 0 0 0 0 0      0 0 0 0 1 0 0 0 0 0 0 0 0 0 0 0 0 0 0 0      117.35      103.76      147.79        
0 0 0 0 0 0 0 0 0 0 0 0 0 0 0 0 1 0 0 0      0 0 0 0 0 0 0 0 0 1 0 0 0 0 0 0 0 0 0 0      0 0 0 0 1 0 0 0 0 0 0 0 0 0 0 0 0 0 0 0      0 0 0 1 0 0 0 0 0 0 0 0 0 0 0 0 0 0 0 0      103.76      108.54      124.72        
0 0 0 0 0 0 0 0 0 1 0 0 0 0 0 0 0 0 0 0      0 0 0 0 1 0 0 0 0 0 0 0 0 0 0 0 0 0 0 0      0 0 0 1 0 0 0 0 0 0 0 0 0 0 0 0 0 0 0 0      0 0 0 0 0 0 0 0 0 0 0 0 0 0 0 1 0 0 0 0      108.54      88.8      149.82        
0 0 0 0 1 0 0 0 0 0 0 0 0 0 0 0 0 0 0 0      0 0 0 1 0 0 0 0 0 0 0 0 0 0 0 0 0 0 0 0      0 0 0 0 0 0 0 0 0 0 0 0 0 0 0 1 0 0 0 0      0 1 0 0 0 0 0 0 0 0 0 0 0 0 0 0 0 0 0 0      88.8      88.75      54.68        
0 0 0 1 0 0 0 0 0 0 0 0 0 0 0 0 0 0 0 0      0 0 0 0 0 0 0 0 0 0 0 0 0 0 0 1 0 0 0 0      0 1 0 0 0 0 0 0 0 0 0 0 0 0 0 0 0 0 0 0      0 0 0 0 0 0 0 0 0 0 0 0 0 0 0 1 0 0 0 0      88.75      94.4      46.04        
0 0 0 0 0 0 0 0 0 0 0 0 0 0 0 1 0 0 0 0      0 1 0 0 0 0 0 0 0 0 0 0 0 0 0 0 0 0 0 0      0 0 0 0 0 0 0 0 0 0 0 0 0 0 0 1 0 0 0 0      0 0 0 0 0 0 0 0 0 0 0 0 0 0 0 1 0 0 0 0      94.4      87.95      52.26        
0 1 0 0 0 0 0 0 0 0 0 0 0 0 0 0 0 0 0 0      0 0 0 0 0 0 0 0 0 0 0 0 0 0 0 1 0 0 0 0      0 0 0 0 0 0 0 0 0 0 0 0 0 0 0 1 0 0 0 0      0 0 0 0 0 1 0 0 0 0 0 0 0 0 0 0 0 0 0 0      87.95      92.51      52.99        
0 0 0 0 0 0 0 0 0 0 0 0 0 0 0 1 0 0 0 0      0 0 0 0 0 0 0 0 0 0 0 0 0 0 0 1 0 0 0 0      0 0 0 0 0 1 0 0 0 0 0 0 0 0 0 0 0 0 0 0      0 0 0 0 0 0 0 0 0 0 0 1 0 0 0 0 0 0 0 0      92.51      96.42      42.63        
0 0 0 0 0 0 0 0 0 0 0 0 0 0 0 1 0 0 0 0      0 0 0 0 0 1 0 0 0 0 0 0 0 0 0 0 0 0 0 0      0 0 0 0 0 0 0 0 0 0 0 1 0 0 0 0 0 0 0 0      1 0 0 0 0 0 0 0 0 0 0 0 0 0 0 0 0 0 0 0      96.42      88.91      52.46        
0 0 0 0 0 1 0 0 0 0 0 0 0 0 0 0 0 0 0 0      0 0 0 0 0 0 0 0 0 0 0 1 0 0 0 0 0 0 0 0      1 0 0 0 0 0 0 0 0 0 0 0 0 0 0 0 0 0 0 0      0 0 0 0 0 0 1 0 0 0 0 0 0 0 0 0 0 0 0 0      88.91      91.56      51.85        
0 0 0 0 0 0 0 0 0 0 0 1 0 0 0 0 0 0 0 0      1 0 0 0 0 0 0 0 0 0 0 0 0 0 0 0 0 0 0 0      0 0 0 0 0 0 1 0 0 0 0 0 0 0 0 0 0 0 0 0      0 0 0 0 1 0 0 0 0 0 0 0 0 0 0 0 0 0 0 0      91.56      93.0      49.56        
1 0 0 0 0 0 0 0 0 0 0 0 0 0 0 0 0 0 0 0      0 0 0 0 0 0 1 0 0 0 0 0 0 0 0 0 0 0 0 0      0 0 0 0 1 0 0 0 0 0 0 0 0 0 0 0 0 0 0 0      0 1 0 0 0 0 0 0 0 0 0 0 0 0 0 0 0 0 0 0      93.0      90.88      50.84        
0 0 0 0 0 0 1 0 0 0 0 0 0 0 0 0 0 0 0 0      0 0 0 0 1 0 0 0 0 0 0 0 0 0 0 0 0 0 0 0      0 1 0 0 0 0 0 0 0 0 0 0 0 0 0 0 0 0 0 0      1 0 0 0 0 0 0 0 0 0 0 0 0 0 0 0 0 0 0 0      90.88      94.5      49.8        
0 0 0 0 1 0 0 0 0 0 0 0 0 0 0 0 0 0 0 0      0 1 0 0 0 0 0 0 0 0 0 0 0 0 0 0 0 0 0 0      1 0 0 0 0 0 0 0 0 0 0 0 0 0 0 0 0 0 0 0      0 0 0 0 0 0 0 0 0 0 0 0 0 0 0 0 1 0 0 0      94.5      91.8      49.5        
0 1 0 0 0 0 0 0 0 0 0 0 0 0 0 0 0 0 0 0      1 0 0 0 0 0 0 0 0 0 0 0 0 0 0 0 0 0 0 0      0 0 0 0 0 0 0 0 0 0 0 0 0 0 0 0 1 0 0 0      0 0 0 0 0 0 0 0 0 0 0 0 0 0 0 1 0 0 0 0      91.8      92.67      45.95        
1 0 0 0 0 0 0 0 0 0 0 0 0 0 0 0 0 0 0 0      0 0 0 0 0 0 0 0 0 0 0 0 0 0 0 0 1 0 0 0      0 0 0 0 0 0 0 0 0 0 0 0 0 0 0 1 0 0 0 0      0 0 0 0 0 1 0 0 0 0 0 0 0 0 0 0 0 0 0 0      92.67      90.12      51.39        
0 0 0 0 0 0 0 0 0 0 0 0 0 0 0 0 1 0 0 0      0 0 0 0 0 0 0 0 0 0 0 0 0 0 0 1 0 0 0 0      0 0 0 0 0 1 0 0 0 0 0 0 0 0 0 0 0 0 0 0      0 0 1 0 0 0 0 0 0 0 0 0 0 0 0 0 0 0 0 0      90.12      87.99      58.16        
0 0 0 0 0 0 0 0 0 0 0 0 0 0 0 1 0 0 0 0      0 0 0 0 0 1 0 0 0 0 0 0 0 0 0 0 0 0 0 0      0 0 1 0 0 0 0 0 0 0 0 0 0 0 0 0 0 0 0 0      0 0 1 0 0 0 0 0 0 0 0 0 0 0 0 0 0 0 0 0      87.99      92.32      47.33        
0 0 0 0 0 1 0 0 0 0 0 0 0 0 0 0 0 0 0 0      0 0 1 0 0 0 0 0 0 0 0 0 0 0 0 0 0 0 0 0      0 0 1 0 0 0 0 0 0 0 0 0 0 0 0 0 0 0 0 0      0 0 0 0 0 0 0 0 0 0 0 0 0 0 0 1 0 0 0 0      92.32      105.79      77.74        
0 0 1 0 0 0 0 0 0 0 0 0 0 0 0 0 0 0 0 0      0 0 1 0 0 0 0 0 0 0 0 0 0 0 0 0 0 0 0 0      0 0 0 0 0 0 0 0 0 0 0 0 0 0 0 1 0 0 0 0      0 0 0 0 0 0 0 0 0 0 0 0 0 0 0 0 0 1 0 0      105.79      116.18      40.76        
0 0 1 0 0 0 0 0 0 0 0 0 0 0 0 0 0 0 0 0      0 0 0 0 0 0 0 0 0 0 0 0 0 0 0 1 0 0 0 0      0 0 0 0 0 0 0 0 0 0 0 0 0 0 0 0 0 1 0 0      0 0 0 0 0 0 0 0 0 0 1 0 0 0 0 0 0 0 0 0      116.18      31.44      59.05        
0 0 0 0 0 0 0 0 0 0 0 0 0 0 0 1 0 0 0 0      0 0 0 0 0 0 0 0 0 0 0 0 0 0 0 0 0 1 0 0      0 0 0 0 0 0 0 0 0 0 1 0 0 0 0 0 0 0 0 0      0 0 0 0 0 0 0 0 0 0 0 0 0 0 0 0 0 0 1 0      31.44      117.09      170.29        
0 0 0 0 0 0 0 0 0 0 0 0 0 0 0 0 0 1 0 0      0 0 0 0 0 0 0 0 0 0 1 0 0 0 0 0 0 0 0 0      0 0 0 0 0 0 0 0 0 0 0 0 0 0 0 0 0 0 1 0      1 0 0 0 0 0 0 0 0 0 0 0 0 0 0 0 0 0 0 0      117.09      132.43      161.2        
0 0 0 0 0 0 0 0 0 0 1 0 0 0 0 0 0 0 0 0      0 0 0 0 0 0 0 0 0 0 0 0 0 0 0 0 0 0 1 0      1 0 0 0 0 0 0 0 0 0 0 0 0 0 0 0 0 0 0 0      0 0 0 0 0 0 0 0 0 0 0 0 0 0 0 0 0 0 0 1      132.43      115.09      126.04        
0 0 0 0 0 0 0 0 0 0 0 0 0 0 0 0 0 0 1 0      1 0 0 0 0 0 0 0 0 0 0 0 0 0 0 0 0 0 0 0      0 0 0 0 0 0 0 0 0 0 0 0 0 0 0 0 0 0 0 1      0 0 0 1 0 0 0 0 0 0 0 0 0 0 0 0 0 0 0 0      115.09      110.6      114.16        
1 0 0 0 0 0 0 0 0 0 0 0 0 0 0 0 0 0 0 0      0 0 0 0 0 0 0 0 0 0 0 0 0 0 0 0 0 0 0 1      0 0 0 1 0 0 0 0 0 0 0 0 0 0 0 0 0 0 0 0      0 0 0 0 0 0 0 0 0 0 0 0 0 0 0 0 1 0 0 0      110.6      89.68      150.73        
0 0 0 0 0 0 0 0 0 0 0 0 0 0 0 0 0 0 0 1      0 0 0 1 0 0 0 0 0 0 0 0 0 0 0 0 0 0 0 0      0 0 0 0 0 0 0 0 0 0 0 0 0 0 0 0 1 0 0 0      0 0 0 0 0 0 0 0 0 0 0 0 0 0 0 0 0 0 0 1      89.68      106.2      47.7        
0 0 0 1 0 0 0 0 0 0 0 0 0 0 0 0 0 0 0 0      0 0 0 0 0 0 0 0 0 0 0 0 0 0 0 0 1 0 0 0      0 0 0 0 0 0 0 0 0 0 0 0 0 0 0 0 0 0 0 1      0 0 0 0 0 0 0 0 0 0 0 0 0 0 0 0 0 0 0 1      106.2      104.0      4.79        
0 0 0 0 0 0 0 0 0 0 0 0 0 0 0 0 1 0 0 0      0 0 0 0 0 0 0 0 0 0 0 0 0 0 0 0 0 0 0 1      0 0 0 0 0 0 0 0 0 0 0 0 0 0 0 0 0 0 0 1      0 0 0 0 0 0 0 0 0 0 0 0 0 0 0 0 1 0 0 0      104.0      96.85      121.73        
0 0 0 0 0 0 0 0 0 0 0 0 0 0 0 0 0 0 0 1      0 0 0 0 0 0 0 0 0 0 0 0 0 0 0 0 0 0 0 1      0 0 0 0 0 0 0 0 0 0 0 0 0 0 0 0 1 0 0 0      0 0 0 0 0 0 0 0 0 0 1 0 0 0 0 0 0 0 0 0      96.85      115.22      147.73        
0 0 0 0 0 0 0 0 0 0 0 0 0 0 0 0 0 0 0 1      0 0 0 0 0 0 0 0 0 0 0 0 0 0 0 0 1 0 0 0      0 0 0 0 0 0 0 0 0 0 1 0 0 0 0 0 0 0 0 0      0 0 0 0 0 0 0 0 0 0 0 0 1 0 0 0 0 0 0 0      115.22      112.36      119.54        
0 0 0 0 0 0 0 0 0 0 0 0 0 0 0 0 1 0 0 0      0 0 0 0 0 0 0 0 0 0 1 0 0 0 0 0 0 0 0 0      0 0 0 0 0 0 0 0 0 0 0 0 1 0 0 0 0 0 0 0      0 0 0 0 0 0 0 0 0 0 0 0 0 1 0 0 0 0 0 0      112.36      136.37      172.94        
0 0 0 0 0 0 0 0 0 0 1 0 0 0 0 0 0 0 0 0      0 0 0 0 0 0 0 0 0 0 0 0 1 0 0 0 0 0 0 0      0 0 0 0 0 0 0 0 0 0 0 0 0 1 0 0 0 0 0 0      0 0 0 0 0 0 0 0 0 0 0 0 0 0 0 1 0 0 0 0      136.37      124.8      109.05        
0 0 0 0 0 0 0 0 0 0 0 0 1 0 0 0 0 0 0 0      0 0 0 0 0 0 0 0 0 0 0 0 0 1 0 0 0 0 0 0      0 0 0 0 0 0 0 0 0 0 0 0 0 0 0 1 0 0 0 0      1 0 0 0 0 0 0 0 0 0 0 0 0 0 0 0 0 0 0 0      124.8      89.4      116.4        
0 0 0 0 0 0 0 0 0 0 0 0 0 1 0 0 0 0 0 0      0 0 0 0 0 0 0 0 0 0 0 0 0 0 0 1 0 0 0 0      1 0 0 0 0 0 0 0 0 0 0 0 0 0 0 0 0 0 0 0      0 0 0 0 1 0 0 0 0 0 0 0 0 0 0 0 0 0 0 0      89.4      88.06      65.91        
0 0 0 0 0 0 0 0 0 0 0 0 0 0 0 1 0 0 0 0      1 0 0 0 0 0 0 0 0 0 0 0 0 0 0 0 0 0 0 0      0 0 0 0 1 0 0 0 0 0 0 0 0 0 0 0 0 0 0 0      0 0 0 0 0 0 0 0 0 0 1 0 0 0 0 0 0 0 0 0      88.06      114.31      86.75        
1 0 0 0 0 0 0 0 0 0 0 0 0 0 0 0 0 0 0 0      0 0 0 0 1 0 0 0 0 0 0 0 0 0 0 0 0 0 0 0      0 0 0 0 0 0 0 0 0 0 1 0 0 0 0 0 0 0 0 0      0 0 0 0 0 0 0 0 0 0 0 0 0 0 1 0 0 0 0 0      114.31      87.99      168.68        
0 0 0 0 1 0 0 0 0 0 0 0 0 0 0 0 0 0 0 0      0 0 0 0 0 0 0 0 0 0 1 0 0 0 0 0 0 0 0 0      0 0 0 0 0 0 0 0 0 0 0 0 0 0 1 0 0 0 0 0      0 0 0 0 0 0 0 0 0 0 0 0 0 0 0 0 0 0 0 1      87.99      140.24      19.21        
0 0 0 0 0 0 0 0 0 0 1 0 0 0 0 0 0 0 0 0      0 0 0 0 0 0 0 0 0 0 0 0 0 0 1 0 0 0 0 0      0 0 0 0 0 0 0 0 0 0 0 0 0 0 0 0 0 0 0 1      0 0 0 0 0 0 0 0 0 0 0 0 0 0 0 0 1 0 0 0      140.24      116.22      70.36        
0 0 0 0 0 0 0 0 0 0 0 0 0 0 1 0 0 0 0 0      0 0 0 0 0 0 0 0 0 0 0 0 0 0 0 0 0 0 0 1      0 0 0 0 0 0 0 0 0 0 0 0 0 0 0 0 1 0 0 0      0 0 0 0 0 0 0 0 0 0 1 0 0 0 0 0 0 0 0 0      116.22      88.25      147.81        
0 0 0 0 0 0 0 0 0 0 0 0 0 0 0 0 0 0 0 1      0 0 0 0 0 0 0 0 0 0 0 0 0 0 0 0 1 0 0 0      0 0 0 0 0 0 0 0 0 0 1 0 0 0 0 0 0 0 0 0      0 0 0 0 0 0 0 0 0 0 0 0 0 0 0 0 0 0 0 1      88.25      108.5      39.42        
0 0 0 0 0 0 0 0 0 0 0 0 0 0 0 0 1 0 0 0      0 0 0 0 0 0 0 0 0 0 1 0 0 0 0 0 0 0 0 0      0 0 0 0 0 0 0 0 0 0 0 0 0 0 0 0 0 0 0 1      0 0 1 0 0 0 0 0 0 0 0 0 0 0 0 0 0 0 0 0      108.5      99.59      11.18        
0 0 0 0 0 0 0 0 0 0 1 0 0 0 0 0 0 0 0 0      0 0 0 0 0 0 0 0 0 0 0 0 0 0 0 0 0 0 0 1      0 0 1 0 0 0 0 0 0 0 0 0 0 0 0 0 0 0 0 0      0 0 0 0 0 0 0 0 0 0 1 0 0 0 0 0 0 0 0 0      99.59      91.39      126.07        
0 0 0 0 0 0 0 0 0 0 0 0 0 0 0 0 0 0 0 1      0 0 1 0 0 0 0 0 0 0 0 0 0 0 0 0 0 0 0 0      0 0 0 0 0 0 0 0 0 0 1 0 0 0 0 0 0 0 0 0      1 0 0 0 0 0 0 0 0 0 0 0 0 0 0 0 0 0 0 0      91.39      116.61      154.95        
0 0 1 0 0 0 0 0 0 0 0 0 0 0 0 0 0 0 0 0      0 0 0 0 0 0 0 0 0 0 1 0 0 0 0 0 0 0 0 0      1 0 0 0 0 0 0 0 0 0 0 0 0 0 0 0 0 0 0 0      0 0 0 0 0 0 0 0 0 0 0 0 0 1 0 0 0 0 0 0      116.61      123.26      97.45        
0 0 0 0 0 0 0 0 0 0 1 0 0 0 0 0 0 0 0 0      1 0 0 0 0 0 0 0 0 0 0 0 0 0 0 0 0 0 0 0      0 0 0 0 0 0 0 0 0 0 0 0 0 1 0 0 0 0 0 0      0 0 0 1 0 0 0 0 0 0 0 0 0 0 0 0 0 0 0 0      123.26      110.29      110.26        
1 0 0 0 0 0 0 0 0 0 0 0 0 0 0 0 0 0 0 0      0 0 0 0 0 0 0 0 0 0 0 0 0 1 0 0 0 0 0 0      0 0 0 1 0 0 0 0 0 0 0 0 0 0 0 0 0 0 0 0      0 0 0 0 0 1 0 0 0 0 0 0 0 0 0 0 0 0 0 0      110.29      119.51      66.41        
0 0 0 0 0 0 0 0 0 0 0 0 0 1 0 0 0 0 0 0      0 0 0 1 0 0 0 0 0 0 0 0 0 0 0 0 0 0 0 0      0 0 0 0 0 1 0 0 0 0 0 0 0 0 0 0 0 0 0 0      0 0 0 0 0 0 0 0 0 0 0 0 0 0 0 0 1 0 0 0      119.51      151.57      143.34        
0 0 0 1 0 0 0 0 0 0 0 0 0 0 0 0 0 0 0 0      0 0 0 0 0 1 0 0 0 0 0 0 0 0 0 0 0 0 0 0      0 0 0 0 0 0 0 0 0 0 0 0 0 0 0 0 1 0 0 0      0 0 0 0 0 1 0 0 0 0 0 0 0 0 0 0 0 0 0 0      151.57      112.44      21.15        
0 0 0 0 0 1 0 0 0 0 0 0 0 0 0 0 0 0 0 0      0 0 0 0 0 0 0 0 0 0 0 0 0 0 0 0 1 0 0 0      0 0 0 0 0 1 0 0 0 0 0 0 0 0 0 0 0 0 0 0      0 0 0 0 0 0 0 1 0 0 0 0 0 0 0 0 0 0 0 0      112.44      135.57      155.77        
0 0 0 0 0 0 0 0 0 0 0 0 0 0 0 0 1 0 0 0      0 0 0 0 0 1 0 0 0 0 0 0 0 0 0 0 0 0 0 0      0 0 0 0 0 0 0 1 0 0 0 0 0 0 0 0 0 0 0 0      0 0 0 0 0 0 0 0 0 0 0 0 0 1 0 0 0 0 0 0      135.57      132.45      163.65        
0 0 0 0 0 1 0 0 0 0 0 0 0 0 0 0 0 0 0 0      0 0 0 0 0 0 0 1 0 0 0 0 0 0 0 0 0 0 0 0      0 0 0 0 0 0 0 0 0 0 0 0 0 1 0 0 0 0 0 0      0 1 0 0 0 0 0 0 0 0 0 0 0 0 0 0 0 0 0 0      132.45      105.29      121.74        
0 0 0 0 0 0 0 1 0 0 0 0 0 0 0 0 0 0 0 0      0 0 0 0 0 0 0 0 0 0 0 0 0 1 0 0 0 0 0 0      0 1 0 0 0 0 0 0 0 0 0 0 0 0 0 0 0 0 0 0      0 0 0 0 0 0 0 0 0 0 0 0 0 0 0 0 1 0 0 0      105.29      118.71      169.51        
0 0 0 0 0 0 0 0 0 0 0 0 0 1 0 0 0 0 0 0      0 1 0 0 0 0 0 0 0 0 0 0 0 0 0 0 0 0 0 0      0 0 0 0 0 0 0 0 0 0 0 0 0 0 0 0 1 0 0 0      0 1 0 0 0 0 0 0 0 0 0 0 0 0 0 0 0 0 0 0      118.71      115.81      151.95        
0 1 0 0 0 0 0 0 0 0 0 0 0 0 0 0 0 0 0 0      0 0 0 0 0 0 0 0 0 0 0 0 0 0 0 0 1 0 0 0      0 1 0 0 0 0 0 0 0 0 0 0 0 0 0 0 0 0 0 0      0 0 0 0 0 0 0 0 0 0 0 0 0 0 0 0 1 0 0 0      115.81      112.5      155.09        
0 0 0 0 0 0 0 0 0 0 0 0 0 0 0 0 1 0 0 0      0 1 0 0 0 0 0 0 0 0 0 0 0 0 0 0 0 0 0 0      0 0 0 0 0 0 0 0 0 0 0 0 0 0 0 0 1 0 0 0      0 0 0 0 0 0 0 0 0 0 0 0 0 0 0 0 0 1 0 0      112.5      142.7      163.3        
0 1 0 0 0 0 0 0 0 0 0 0 0 0 0 0 0 0 0 0      0 0 0 0 0 0 0 0 0 0 0 0 0 0 0 0 1 0 0 0      0 0 0 0 0 0 0 0 0 0 0 0 0 0 0 0 0 1 0 0      0 0 0 0 1 0 0 0 0 0 0 0 0 0 0 0 0 0 0 0      142.7      137.52      109.12        
0 0 0 0 0 0 0 0 0 0 0 0 0 0 0 0 1 0 0 0      0 0 0 0 0 0 0 0 0 0 0 0 0 0 0 0 0 1 0 0      0 0 0 0 1 0 0 0 0 0 0 0 0 0 0 0 0 0 0 0      0 0 0 0 0 0 0 0 0 0 0 0 0 0 0 0 0 1 0 0      137.52      119.84      37.54        
0 0 0 0 0 0 0 0 0 0 0 0 0 0 0 0 0 1 0 0      0 0 0 0 1 0 0 0 0 0 0 0 0 0 0 0 0 0 0 0      0 0 0 0 0 0 0 0 0 0 0 0 0 0 0 0 0 1 0 0      0 0 0 0 0 0 0 0 0 0 0 0 0 0 0 0 0 1 0 0      119.84      112.27      94.96        
0 0 0 0 1 0 0 0 0 0 0 0 0 0 0 0 0 0 0 0      0 0 0 0 0 0 0 0 0 0 0 0 0 0 0 0 0 1 0 0      0 0 0 0 0 0 0 0 0 0 0 0 0 0 0 0 0 1 0 0      0 0 1 0 0 0 0 0 0 0 0 0 0 0 0 0 0 0 0 0      112.27      94.42      30.61        
0 0 0 0 0 0 0 0 0 0 0 0 0 0 0 0 0 1 0 0      0 0 0 0 0 0 0 0 0 0 0 0 0 0 0 0 0 1 0 0      0 0 1 0 0 0 0 0 0 0 0 0 0 0 0 0 0 0 0 0      0 0 0 0 0 0 0 0 0 0 0 0 0 0 0 0 0 1 0 0      94.42      93.27      112.58        
0 0 0 0 0 0 0 0 0 0 0 0 0 0 0 0 0 1 0 0      0 0 1 0 0 0 0 0 0 0 0 0 0 0 0 0 0 0 0 0      0 0 0 0 0 0 0 0 0 0 0 0 0 0 0 0 0 1 0 0      0 0 0 0 0 0 0 0 0 0 0 0 0 1 0 0 0 0 0 0      93.27      105.14      102.9        
0 0 1 0 0 0 0 0 0 0 0 0 0 0 0 0 0 0 0 0      0 0 0 0 0 0 0 0 0 0 0 0 0 0 0 0 0 1 0 0      0 0 0 0 0 0 0 0 0 0 0 0 0 1 0 0 0 0 0 0      0 0 1 0 0 0 0 0 0 0 0 0 0 0 0 0 0 0 0 0      105.14      94.19      139.25        
0 0 0 0 0 0 0 0 0 0 0 0 0 0 0 0 0 1 0 0      0 0 0 0 0 0 0 0 0 0 0 0 0 1 0 0 0 0 0 0      0 0 1 0 0 0 0 0 0 0 0 0 0 0 0 0 0 0 0 0      0 0 1 0 0 0 0 0 0 0 0 0 0 0 0 0 0 0 0 0      94.19      93.39      45.54        
0 0 0 0 0 0 0 0 0 0 0 0 0 1 0 0 0 0 0 0      0 0 1 0 0 0 0 0 0 0 0 0 0 0 0 0 0 0 0 0      0 0 1 0 0 0 0 0 0 0 0 0 0 0 0 0 0 0 0 0      0 0 0 0 0 0 0 1 0 0 0 0 0 0 0 0 0 0 0 0      93.39      88.17      49.81        
0 0 1 0 0 0 0 0 0 0 0 0 0 0 0 0 0 0 0 0      0 0 1 0 0 0 0 0 0 0 0 0 0 0 0 0 0 0 0 0      0 0 0 0 0 0 0 1 0 0 0 0 0 0 0 0 0 0 0 0      0 0 0 0 0 0 0 0 0 0 0 0 0 0 0 0 1 0 0 0      88.17      99.37      50.4        
0 0 1 0 0 0 0 0 0 0 0 0 0 0 0 0 0 0 0 0      0 0 0 0 0 0 0 1 0 0 0 0 0 0 0 0 0 0 0 0      0 0 0 0 0 0 0 0 0 0 0 0 0 0 0 0 1 0 0 0      0 0 0 0 0 0 0 0 0 0 0 0 0 1 0 0 0 0 0 0      99.37      91.64      42.97        
0 0 0 0 0 0 0 1 0 0 0 0 0 0 0 0 0 0 0 0      0 0 0 0 0 0 0 0 0 0 0 0 0 0 0 0 1 0 0 0      0 0 0 0 0 0 0 0 0 0 0 0 0 1 0 0 0 0 0 0      0 0 0 0 0 0 0 0 0 0 0 0 0 0 1 0 0 0 0 0      91.64      90.43      63.46        
0 0 0 0 0 0 0 0 0 0 0 0 0 0 0 0 1 0 0 0      0 0 0 0 0 0 0 0 0 0 0 0 0 1 0 0 0 0 0 0      0 0 0 0 0 0 0 0 0 0 0 0 0 0 1 0 0 0 0 0      0 0 0 0 0 0 1 0 0 0 0 0 0 0 0 0 0 0 0 0      90.43      87.32      83.8        
0 0 0 0 0 0 0 0 0 0 0 0 0 1 0 0 0 0 0 0      0 0 0 0 0 0 0 0 0 0 0 0 0 0 1 0 0 0 0 0      0 0 0 0 0 0 1 0 0 0 0 0 0 0 0 0 0 0 0 0      0 1 0 0 0 0 0 0 0 0 0 0 0 0 0 0 0 0 0 0      87.32      103.68      81.58        
0 0 0 0 0 0 0 0 0 0 0 0 0 0 1 0 0 0 0 0      0 0 0 0 0 0 1 0 0 0 0 0 0 0 0 0 0 0 0 0      0 1 0 0 0 0 0 0 0 0 0 0 0 0 0 0 0 0 0 0      0 0 1 0 0 0 0 0 0 0 0 0 0 0 0 0 0 0 0 0      103.68      98.69      162.17        
0 0 0 0 0 0 1 0 0 0 0 0 0 0 0 0 0 0 0 0      0 1 0 0 0 0 0 0 0 0 0 0 0 0 0 0 0 0 0 0      0 0 1 0 0 0 0 0 0 0 0 0 0 0 0 0 0 0 0 0      0 0 0 0 0 0 0 0 0 0 0 0 0 0 0 0 0 1 0 0      98.69      90.25      43.68        
0 1 0 0 0 0 0 0 0 0 0 0 0 0 0 0 0 0 0 0      0 0 1 0 0 0 0 0 0 0 0 0 0 0 0 0 0 0 0 0      0 0 0 0 0 0 0 0 0 0 0 0 0 0 0 0 0 1 0 0      1 0 0 0 0 0 0 0 0 0 0 0 0 0 0 0 0 0 0 0      90.25      87.94      54.82        
0 0 1 0 0 0 0 0 0 0 0 0 0 0 0 0 0 0 0 0      0 0 0 0 0 0 0 0 0 0 0 0 0 0 0 0 0 1 0 0      1 0 0 0 0 0 0 0 0 0 0 0 0 0 0 0 0 0 0 0      0 0 0 0 0 0 0 0 0 0 1 0 0 0 0 0 0 0 0 0      87.94      95.12      46.53        
0 0 0 0 0 0 0 0 0 0 0 0 0 0 0 0 0 1 0 0      1 0 0 0 0 0 0 0 0 0 0 0 0 0 0 0 0 0 0 0      0 0 0 0 0 0 0 0 0 0 1 0 0 0 0 0 0 0 0 0      1 0 0 0 0 0 0 0 0 0 0 0 0 0 0 0 0 0 0 0      95.12      94.09      46.95        
1 0 0 0 0 0 0 0 0 0 0 0 0 0 0 0 0 0 0 0      0 0 0 0 0 0 0 0 0 0 1 0 0 0 0 0 0 0 0 0      1 0 0 0 0 0 0 0 0 0 0 0 0 0 0 0 0 0 0 0      0 0 0 0 0 0 0 0 0 0 0 0 0 1 0 0 0 0 0 0      94.09      98.12      38.86        
0 0 0 0 0 0 0 0 0 0 1 0 0 0 0 0 0 0 0 0      1 0 0 0 0 0 0 0 0 0 0 0 0 0 0 0 0 0 0 0      0 0 0 0 0 0 0 0 0 0 0 0 0 1 0 0 0 0 0 0      0 0 0 0 0 0 0 0 0 0 0 0 0 1 0 0 0 0 0 0      98.12      116.66      135.42        
1 0 0 0 0 0 0 0 0 0 0 0 0 0 0 0 0 0 0 0      0 0 0 0 0 0 0 0 0 0 0 0 0 1 0 0 0 0 0 0      0 0 0 0 0 0 0 0 0 0 0 0 0 1 0 0 0 0 0 0      0 0 0 0 0 0 0 0 0 0 0 1 0 0 0 0 0 0 0 0      116.66      124.77      143.64        
0 0 0 0 0 0 0 0 0 0 0 0 0 1 0 0 0 0 0 0      0 0 0 0 0 0 0 0 0 0 0 0 0 1 0 0 0 0 0 0      0 0 0 0 0 0 0 0 0 0 0 1 0 0 0 0 0 0 0 0      0 0 0 0 0 0 0 0 0 0 0 0 0 0 0 0 1 0 0 0      124.77      116.6      134.6        
0 0 0 0 0 0 0 0 0 0 0 0 0 1 0 0 0 0 0 0      0 0 0 0 0 0 0 0 0 0 0 1 0 0 0 0 0 0 0 0      0 0 0 0 0 0 0 0 0 0 0 0 0 0 0 0 1 0 0 0      0 0 0 0 0 0 0 0 0 0 0 0 0 0 0 1 0 0 0 0      116.6      103.56      159.54        
0 0 0 0 0 0 0 0 0 0 0 1 0 0 0 0 0 0 0 0      0 0 0 0 0 0 0 0 0 0 0 0 0 0 0 0 1 0 0 0      0 0 0 0 0 0 0 0 0 0 0 0 0 0 0 1 0 0 0 0      0 0 1 0 0 0 0 0 0 0 0 0 0 0 0 0 0 0 0 0      103.56      98.71      173.64        
0 0 0 0 0 0 0 0 0 0 0 0 0 0 0 0 1 0 0 0      0 0 0 0 0 0 0 0 0 0 0 0 0 0 0 1 0 0 0 0      0 0 1 0 0 0 0 0 0 0 0 0 0 0 0 0 0 0 0 0      0 1 0 0 0 0 0 0 0 0 0 0 0 0 0 0 0 0 0 0      98.71      89.68      63.73        
0 0 0 0 0 0 0 0 0 0 0 0 0 0 0 1 0 0 0 0      0 0 1 0 0 0 0 0 0 0 0 0 0 0 0 0 0 0 0 0      0 1 0 0 0 0 0 0 0 0 0 0 0 0 0 0 0 0 0 0      0 0 0 0 0 0 0 0 0 0 0 0 0 0 0 0 0 1 0 0      89.68      100.44      24.46        
0 0 1 0 0 0 0 0 0 0 0 0 0 0 0 0 0 0 0 0      0 1 0 0 0 0 0 0 0 0 0 0 0 0 0 0 0 0 0 0      0 0 0 0 0 0 0 0 0 0 0 0 0 0 0 0 0 1 0 0      0 0 0 0 0 0 0 0 0 0 0 0 0 0 0 0 1 0 0 0      100.44      92.34      120.97        
0 1 0 0 0 0 0 0 0 0 0 0 0 0 0 0 0 0 0 0      0 0 0 0 0 0 0 0 0 0 0 0 0 0 0 0 0 1 0 0      0 0 0 0 0 0 0 0 0 0 0 0 0 0 0 0 1 0 0 0      1 0 0 0 0 0 0 0 0 0 0 0 0 0 0 0 0 0 0 0      92.34      136.44      137.17        
0 0 0 0 0 0 0 0 0 0 0 0 0 0 0 0 0 1 0 0      0 0 0 0 0 0 0 0 0 0 0 0 0 0 0 0 1 0 0 0      1 0 0 0 0 0 0 0 0 0 0 0 0 0 0 0 0 0 0 0      0 0 0 0 0 0 0 0 0 0 0 0 0 0 0 0 1 0 0 0      136.44      116.0      144.05        
0 0 0 0 0 0 0 0 0 0 0 0 0 0 0 0 1 0 0 0      1 0 0 0 0 0 0 0 0 0 0 0 0 0 0 0 0 0 0 0      0 0 0 0 0 0 0 0 0 0 0 0 0 0 0 0 1 0 0 0      0 0 0 0 0 0 1 0 0 0 0 0 0 0 0 0 0 0 0 0      116.0      112.41      153.04        
1 0 0 0 0 0 0 0 0 0 0 0 0 0 0 0 0 0 0 0      0 0 0 0 0 0 0 0 0 0 0 0 0 0 0 0 1 0 0 0      0 0 0 0 0 0 1 0 0 0 0 0 0 0 0 0 0 0 0 0      0 0 0 1 0 0 0 0 0 0 0 0 0 0 0 0 0 0 0 0      112.41      115.36      161.99        
0 0 0 0 0 0 0 0 0 0 0 0 0 0 0 0 1 0 0 0      0 0 0 0 0 0 1 0 0 0 0 0 0 0 0 0 0 0 0 0      0 0 0 1 0 0 0 0 0 0 0 0 0 0 0 0 0 0 0 0      0 1 0 0 0 0 0 0 0 0 0 0 0 0 0 0 0 0 0 0      115.36      103.87      143.31        
0 0 0 0 0 0 1 0 0 0 0 0 0 0 0 0 0 0 0 0      0 0 0 1 0 0 0 0 0 0 0 0 0 0 0 0 0 0 0 0      0 1 0 0 0 0 0 0 0 0 0 0 0 0 0 0 0 0 0 0      0 0 0 0 0 0 0 0 0 0 0 0 0 0 0 0 1 0 0 0      103.87      110.17      170.71        
0 0 0 1 0 0 0 0 0 0 0 0 0 0 0 0 0 0 0 0      0 1 0 0 0 0 0 0 0 0 0 0 0 0 0 0 0 0 0 0      0 0 0 0 0 0 0 0 0 0 0 0 0 0 0 0 1 0 0 0      0 0 0 0 0 0 0 1 0 0 0 0 0 0 0 0 0 0 0 0      110.17      117.7      164.53        
0 1 0 0 0 0 0 0 0 0 0 0 0 0 0 0 0 0 0 0      0 0 0 0 0 0 0 0 0 0 0 0 0 0 0 0 1 0 0 0      0 0 0 0 0 0 0 1 0 0 0 0 0 0 0 0 0 0 0 0      0 0 0 0 0 0 1 0 0 0 0 0 0 0 0 0 0 0 0 0      117.7      123.61      173.09        
0 0 0 0 0 0 0 0 0 0 0 0 0 0 0 0 1 0 0 0      0 0 0 0 0 0 0 1 0 0 0 0 0 0 0 0 0 0 0 0      0 0 0 0 0 0 1 0 0 0 0 0 0 0 0 0 0 0 0 0      0 0 1 0 0 0 0 0 0 0 0 0 0 0 0 0 0 0 0 0      123.61      112.79      132.94        
0 0 0 0 0 0 0 1 0 0 0 0 0 0 0 0 0 0 0 0      0 0 0 0 0 0 1 0 0 0 0 0 0 0 0 0 0 0 0 0      0 0 1 0 0 0 0 0 0 0 0 0 0 0 0 0 0 0 0 0      0 0 0 0 0 0 0 0 0 0 0 0 1 0 0 0 0 0 0 0      112.79      131.66      177.16        
0 0 0 0 0 0 1 0 0 0 0 0 0 0 0 0 0 0 0 0      0 0 1 0 0 0 0 0 0 0 0 0 0 0 0 0 0 0 0 0      0 0 0 0 0 0 0 0 0 0 0 0 1 0 0 0 0 0 0 0      0 0 0 0 0 0 0 0 0 0 0 0 0 0 1 0 0 0 0 0      131.66      82.78      104.88        
0 0 1 0 0 0 0 0 0 0 0 0 0 0 0 0 0 0 0 0      0 0 0 0 0 0 0 0 0 0 0 0 1 0 0 0 0 0 0 0      0 0 0 0 0 0 0 0 0 0 0 0 0 0 1 0 0 0 0 0      0 0 0 0 0 0 0 0 0 0 0 0 0 0 0 0 0 1 0 0      82.78      98.25      50.0        
0 0 0 0 0 0 0 0 0 0 0 0 1 0 0 0 0 0 0 0      0 0 0 0 0 0 0 0 0 0 0 0 0 0 1 0 0 0 0 0      0 0 0 0 0 0 0 0 0 0 0 0 0 0 0 0 0 1 0 0      0 0 0 1 0 0 0 0 0 0 0 0 0 0 0 0 0 0 0 0      98.25      138.06      84.19        
0 0 0 0 0 0 0 0 0 0 0 0 0 0 1 0 0 0 0 0      0 0 0 0 0 0 0 0 0 0 0 0 0 0 0 0 0 1 0 0      0 0 0 1 0 0 0 0 0 0 0 0 0 0 0 0 0 0 0 0      0 0 0 0 0 0 0 0 1 0 0 0 0 0 0 0 0 0 0 0      138.06      119.7      31.34        
0 0 0 0 0 0 0 0 0 0 0 0 0 0 0 0 0 1 0 0      0 0 0 1 0 0 0 0 0 0 0 0 0 0 0 0 0 0 0 0      0 0 0 0 0 0 0 0 1 0 0 0 0 0 0 0 0 0 0 0      0 0 0 0 0 0 0 0 0 0 0 0 0 1 0 0 0 0 0 0      119.7      121.03      167.65        
0 0 0 1 0 0 0 0 0 0 0 0 0 0 0 0 0 0 0 0      0 0 0 0 0 0 0 0 1 0 0 0 0 0 0 0 0 0 0 0      0 0 0 0 0 0 0 0 0 0 0 0 0 1 0 0 0 0 0 0      0 0 0 0 0 0 0 1 0 0 0 0 0 0 0 0 0 0 0 0      121.03      121.57      152.19        
0 0 0 0 0 0 0 0 1 0 0 0 0 0 0 0 0 0 0 0      0 0 0 0 0 0 0 0 0 0 0 0 0 1 0 0 0 0 0 0      0 0 0 0 0 0 0 1 0 0 0 0 0 0 0 0 0 0 0 0      0 0 0 0 0 0 0 0 0 0 0 0 1 0 0 0 0 0 0 0      121.57      108.28      163.77        
0 0 0 0 0 0 0 0 0 0 0 0 0 1 0 0 0 0 0 0      0 0 0 0 0 0 0 1 0 0 0 0 0 0 0 0 0 0 0 0      0 0 0 0 0 0 0 0 0 0 0 0 1 0 0 0 0 0 0 0      0 0 0 0 0 0 0 0 0 0 0 0 0 0 0 0 1 0 0 0      108.28      97.88      153.75        
0 0 0 0 0 0 0 1 0 0 0 0 0 0 0 0 0 0 0 0      0 0 0 0 0 0 0 0 0 0 0 0 1 0 0 0 0 0 0 0      0 0 0 0 0 0 0 0 0 0 0 0 0 0 0 0 1 0 0 0      0 0 0 0 0 0 0 0 0 0 0 0 0 0 0 0 0 0 1 0      97.88      118.37      157.08        
0 0 0 0 0 0 0 0 0 0 0 0 1 0 0 0 0 0 0 0      0 0 0 0 0 0 0 0 0 0 0 0 0 0 0 0 1 0 0 0      0 0 0 0 0 0 0 0 0 0 0 0 0 0 0 0 0 0 1 0      0 0 0 0 1 0 0 0 0 0 0 0 0 0 0 0 0 0 0 0      118.37      111.38      147.45        
0 0 0 0 0 0 0 0 0 0 0 0 0 0 0 0 1 0 0 0      0 0 0 0 0 0 0 0 0 0 0 0 0 0 0 0 0 0 1 0      0 0 0 0 1 0 0 0 0 0 0 0 0 0 0 0 0 0 0 0      0 0 1 0 0 0 0 0 0 0 0 0 0 0 0 0 0 0 0 0      111.38      120.37      175.1        
0 0 0 0 0 0 0 0 0 0 0 0 0 0 0 0 0 0 1 0      0 0 0 0 1 0 0 0 0 0 0 0 0 0 0 0 0 0 0 0      0 0 1 0 0 0 0 0 0 0 0 0 0 0 0 0 0 0 0 0      0 0 0 0 0 0 0 0 0 0 0 0 0 0 0 1 0 0 0 0      120.37      126.45      128.02        
0 0 0 0 1 0 0 0 0 0 0 0 0 0 0 0 0 0 0 0      0 0 1 0 0 0 0 0 0 0 0 0 0 0 0 0 0 0 0 0      0 0 0 0 0 0 0 0 0 0 0 0 0 0 0 1 0 0 0 0      0 0 0 0 0 0 0 0 0 0 0 0 0 0 0 0 0 1 0 0      126.45      87.6      127.99        
0 0 1 0 0 0 0 0 0 0 0 0 0 0 0 0 0 0 0 0      0 0 0 0 0 0 0 0 0 0 0 0 0 0 0 1 0 0 0 0      0 0 0 0 0 0 0 0 0 0 0 0 0 0 0 0 0 1 0 0      0 0 0 0 0 1 0 0 0 0 0 0 0 0 0 0 0 0 0 0      87.6      99.78      81.23        
0 0 0 0 0 0 0 0 0 0 0 0 0 0 0 1 0 0 0 0      0 0 0 0 0 0 0 0 0 0 0 0 0 0 0 0 0 1 0 0      0 0 0 0 0 1 0 0 0 0 0 0 0 0 0 0 0 0 0 0      1 0 0 0 0 0 0 0 0 0 0 0 0 0 0 0 0 0 0 0      99.78      89.47      130.14        
0 0 0 0 0 0 0 0 0 0 0 0 0 0 0 0 0 1 0 0      0 0 0 0 0 1 0 0 0 0 0 0 0 0 0 0 0 0 0 0      1 0 0 0 0 0 0 0 0 0 0 0 0 0 0 0 0 0 0 0      0 0 0 0 0 0 0 0 0 0 0 0 0 1 0 0 0 0 0 0      89.47      86.93      80.03        
0 0 0 0 0 1 0 0 0 0 0 0 0 0 0 0 0 0 0 0      1 0 0 0 0 0 0 0 0 0 0 0 0 0 0 0 0 0 0 0      0 0 0 0 0 0 0 0 0 0 0 0 0 1 0 0 0 0 0 0      0 0 0 0 0 0 0 1 0 0 0 0 0 0 0 0 0 0 0 0      86.93      92.01      72.49        
1 0 0 0 0 0 0 0 0 0 0 0 0 0 0 0 0 0 0 0      0 0 0 0 0 0 0 0 0 0 0 0 0 1 0 0 0 0 0 0      0 0 0 0 0 0 0 1 0 0 0 0 0 0 0 0 0 0 0 0      0 0 0 0 0 0 0 0 0 0 0 0 0 0 0 0 0 1 0 0      92.01      103.52      40.63        
0 0 0 0 0 0 0 0 0 0 0 0 0 1 0 0 0 0 0 0      0 0 0 0 0 0 0 1 0 0 0 0 0 0 0 0 0 0 0 0      0 0 0 0 0 0 0 0 0 0 0 0 0 0 0 0 0 1 0 0      0 0 0 0 0 0 0 0 0 0 0 0 0 0 0 0 0 1 0 0      103.52      144.15      50.92        
0 0 0 0 0 0 0 1 0 0 0 0 0 0 0 0 0 0 0 0      0 0 0 0 0 0 0 0 0 0 0 0 0 0 0 0 0 1 0 0      0 0 0 0 0 0 0 0 0 0 0 0 0 0 0 0 0 1 0 0      0 1 0 0 0 0 0 0 0 0 0 0 0 0 0 0 0 0 0 0      144.15      122.9      30.95        
0 0 0 0 0 0 0 0 0 0 0 0 0 0 0 0 0 1 0 0      0 0 0 0 0 0 0 0 0 0 0 0 0 0 0 0 0 1 0 0      0 1 0 0 0 0 0 0 0 0 0 0 0 0 0 0 0 0 0 0      0 0 0 0 0 0 0 0 0 0 0 0 0 0 1 0 0 0 0 0      122.9      123.22      103.27        
0 0 0 0 0 0 0 0 0 0 0 0 0 0 0 0 0 1 0 0      0 1 0 0 0 0 0 0 0 0 0 0 0 0 0 0 0 0 0 0      0 0 0 0 0 0 0 0 0 0 0 0 0 0 1 0 0 0 0 0      0 0 0 0 1 0 0 0 0 0 0 0 0 0 0 0 0 0 0 0      123.22      122.61      98.16        
0 1 0 0 0 0 0 0 0 0 0 0 0 0 0 0 0 0 0 0      0 0 0 0 0 0 0 0 0 0 0 0 0 0 1 0 0 0 0 0      0 0 0 0 1 0 0 0 0 0 0 0 0 0 0 0 0 0 0 0      0 0 0 0 0 0 0 0 0 0 0 0 0 0 0 0 0 1 0 0      122.61      93.54      111.4        
0 0 0 0 0 0 0 0 0 0 0 0 0 0 1 0 0 0 0 0      0 0 0 0 1 0 0 0 0 0 0 0 0 0 0 0 0 0 0 0      0 0 0 0 0 0 0 0 0 0 0 0 0 0 0 0 0 1 0 0      0 0 0 0 0 0 0 0 0 0 0 1 0 0 0 0 0 0 0 0      93.54      88.04      63.34        
0 0 0 0 1 0 0 0 0 0 0 0 0 0 0 0 0 0 0 0      0 0 0 0 0 0 0 0 0 0 0 0 0 0 0 0 0 1 0 0      0 0 0 0 0 0 0 0 0 0 0 1 0 0 0 0 0 0 0 0      0 0 0 0 0 0 0 0 0 0 0 1 0 0 0 0 0 0 0 0      88.04      92.97      59.77        
0 0 0 0 0 0 0 0 0 0 0 0 0 0 0 0 0 1 0 0      0 0 0 0 0 0 0 0 0 0 0 1 0 0 0 0 0 0 0 0      0 0 0 0 0 0 0 0 0 0 0 1 0 0 0 0 0 0 0 0      0 0 0 0 0 0 0 0 1 0 0 0 0 0 0 0 0 0 0 0      92.97      97.8      34.5        
0 0 0 0 0 0 0 0 0 0 0 1 0 0 0 0 0 0 0 0      0 0 0 0 0 0 0 0 0 0 0 1 0 0 0 0 0 0 0 0      0 0 0 0 0 0 0 0 1 0 0 0 0 0 0 0 0 0 0 0      0 0 0 0 0 1 0 0 0 0 0 0 0 0 0 0 0 0 0 0      97.8      114.54      117.46        
0 0 0 0 0 0 0 0 0 0 0 1 0 0 0 0 0 0 0 0      0 0 0 0 0 0 0 0 1 0 0 0 0 0 0 0 0 0 0 0      0 0 0 0 0 1 0 0 0 0 0 0 0 0 0 0 0 0 0 0      0 0 0 0 0 0 0 0 0 0 0 0 0 0 0 1 0 0 0 0      114.54      92.22      1.34        
0 0 0 0 0 0 0 0 1 0 0 0 0 0 0 0 0 0 0 0      0 0 0 0 0 1 0 0 0 0 0 0 0 0 0 0 0 0 0 0      0 0 0 0 0 0 0 0 0 0 0 0 0 0 0 1 0 0 0 0      0 0 0 0 0 1 0 0 0 0 0 0 0 0 0 0 0 0 0 0      92.22      106.44      156.64        
0 0 0 0 0 1 0 0 0 0 0 0 0 0 0 0 0 0 0 0      0 0 0 0 0 0 0 0 0 0 0 0 0 0 0 1 0 0 0 0      0 0 0 0 0 1 0 0 0 0 0 0 0 0 0 0 0 0 0 0      0 0 0 0 0 0 0 0 0 0 0 0 0 0 0 0 0 0 0 1      106.44      97.22      167.3        
0 0 0 0 0 0 0 0 0 0 0 0 0 0 0 1 0 0 0 0      0 0 0 0 0 1 0 0 0 0 0 0 0 0 0 0 0 0 0 0      0 0 0 0 0 0 0 0 0 0 0 0 0 0 0 0 0 0 0 1      0 0 0 0 0 0 0 0 0 0 0 0 0 0 0 1 0 0 0 0      97.22      139.59      2.07        
0 0 0 0 0 1 0 0 0 0 0 0 0 0 0 0 0 0 0 0      0 0 0 0 0 0 0 0 0 0 0 0 0 0 0 0 0 0 0 1      0 0 0 0 0 0 0 0 0 0 0 0 0 0 0 1 0 0 0 0      0 0 0 0 0 0 0 0 1 0 0 0 0 0 0 0 0 0 0 0      139.59      147.88      151.36        
0 0 0 0 0 0 0 0 0 0 0 0 0 0 0 0 0 0 0 1      0 0 0 0 0 0 0 0 0 0 0 0 0 0 0 1 0 0 0 0      0 0 0 0 0 0 0 0 1 0 0 0 0 0 0 0 0 0 0 0      0 0 0 0 0 0 0 0 1 0 0 0 0 0 0 0 0 0 0 0      147.88      119.21      145.9        
0 0 0 0 0 0 0 0 0 0 0 0 0 0 0 1 0 0 0 0      0 0 0 0 0 0 0 0 1 0 0 0 0 0 0 0 0 0 0 0      0 0 0 0 0 0 0 0 1 0 0 0 0 0 0 0 0 0 0 0      0 0 0 0 0 0 0 0 0 1 0 0 0 0 0 0 0 0 0 0      119.21      111.49      159.62        
0 0 0 0 0 0 0 0 1 0 0 0 0 0 0 0 0 0 0 0      0 0 0 0 0 0 0 0 1 0 0 0 0 0 0 0 0 0 0 0      0 0 0 0 0 0 0 0 0 1 0 0 0 0 0 0 0 0 0 0      0 0 0 0 0 0 0 1 0 0 0 0 0 0 0 0 0 0 0 0      111.49      132.35      166.79        
0 0 0 0 0 0 0 0 1 0 0 0 0 0 0 0 0 0 0 0      0 0 0 0 0 0 0 0 0 1 0 0 0 0 0 0 0 0 0 0      0 0 0 0 0 0 0 1 0 0 0 0 0 0 0 0 0 0 0 0      0 0 0 0 1 0 0 0 0 0 0 0 0 0 0 0 0 0 0 0      132.35      134.43      170.35        
0 0 0 0 0 0 0 0 0 1 0 0 0 0 0 0 0 0 0 0      0 0 0 0 0 0 0 1 0 0 0 0 0 0 0 0 0 0 0 0      0 0 0 0 1 0 0 0 0 0 0 0 0 0 0 0 0 0 0 0      0 0 0 0 0 0 0 0 0 0 0 0 0 0 0 0 1 0 0 0      134.43      116.58      106.55        
0 0 0 0 0 0 0 1 0 0 0 0 0 0 0 0 0 0 0 0      0 0 0 0 1 0 0 0 0 0 0 0 0 0 0 0 0 0 0 0      0 0 0 0 0 0 0 0 0 0 0 0 0 0 0 0 1 0 0 0      0 0 1 0 0 0 0 0 0 0 0 0 0 0 0 0 0 0 0 0      116.58      88.37      151.42        
0 0 0 0 1 0 0 0 0 0 0 0 0 0 0 0 0 0 0 0      0 0 0 0 0 0 0 0 0 0 0 0 0 0 0 0 1 0 0 0      0 0 1 0 0 0 0 0 0 0 0 0 0 0 0 0 0 0 0 0      0 0 0 0 0 0 0 0 0 0 1 0 0 0 0 0 0 0 0 0      88.37      92.18      56.32        
0 0 0 0 0 0 0 0 0 0 0 0 0 0 0 0 1 0 0 0      0 0 1 0 0 0 0 0 0 0 0 0 0 0 0 0 0 0 0 0      0 0 0 0 0 0 0 0 0 0 1 0 0 0 0 0 0 0 0 0      0 0 0 0 0 0 0 0 0 0 0 0 0 0 1 0 0 0 0 0      92.18      118.98      60.27        
0 0 1 0 0 0 0 0 0 0 0 0 0 0 0 0 0 0 0 0      0 0 0 0 0 0 0 0 0 0 1 0 0 0 0 0 0 0 0 0      0 0 0 0 0 0 0 0 0 0 0 0 0 0 1 0 0 0 0 0      0 0 0 0 0 0 0 0 0 0 0 0 0 0 0 0 1 0 0 0      118.98      92.41      168.91        
0 0 0 0 0 0 0 0 0 0 1 0 0 0 0 0 0 0 0 0      0 0 0 0 0 0 0 0 0 0 0 0 0 0 1 0 0 0 0 0      0 0 0 0 0 0 0 0 0 0 0 0 0 0 0 0 1 0 0 0      0 0 1 0 0 0 0 0 0 0 0 0 0 0 0 0 0 0 0 0      92.41      92.26      61.53        
0 0 0 0 0 0 0 0 0 0 0 0 0 0 1 0 0 0 0 0      0 0 0 0 0 0 0 0 0 0 0 0 0 0 0 0 1 0 0 0      0 0 1 0 0 0 0 0 0 0 0 0 0 0 0 0 0 0 0 0      0 0 0 0 0 0 0 0 0 0 0 1 0 0 0 0 0 0 0 0      92.26      87.51      55.67        
0 0 0 0 0 0 0 0 0 0 0 0 0 0 0 0 1 0 0 0      0 0 1 0 0 0 0 0 0 0 0 0 0 0 0 0 0 0 0 0      0 0 0 0 0 0 0 0 0 0 0 1 0 0 0 0 0 0 0 0      0 0 0 0 0 0 0 0 0 0 0 0 0 1 0 0 0 0 0 0      87.51      89.92      46.67        
0 0 1 0 0 0 0 0 0 0 0 0 0 0 0 0 0 0 0 0      0 0 0 0 0 0 0 0 0 0 0 1 0 0 0 0 0 0 0 0      0 0 0 0 0 0 0 0 0 0 0 0 0 1 0 0 0 0 0 0      0 0 0 0 0 0 0 0 0 0 0 0 1 0 0 0 0 0 0 0      89.92      88.72      56.36        
0 0 0 0 0 0 0 0 0 0 0 1 0 0 0 0 0 0 0 0      0 0 0 0 0 0 0 0 0 0 0 0 0 1 0 0 0 0 0 0      0 0 0 0 0 0 0 0 0 0 0 0 1 0 0 0 0 0 0 0      0 0 0 0 0 0 0 0 0 0 0 0 0 0 0 0 1 0 0 0      88.72      92.6      54.05        
0 0 0 0 0 0 0 0 0 0 0 0 0 1 0 0 0 0 0 0      0 0 0 0 0 0 0 0 0 0 0 0 1 0 0 0 0 0 0 0      0 0 0 0 0 0 0 0 0 0 0 0 0 0 0 0 1 0 0 0      0 0 0 1 0 0 0 0 0 0 0 0 0 0 0 0 0 0 0 0      92.6      95.32      92.74        
0 0 0 0 0 0 0 0 0 0 0 0 1 0 0 0 0 0 0 0      0 0 0 0 0 0 0 0 0 0 0 0 0 0 0 0 1 0 0 0      0 0 0 1 0 0 0 0 0 0 0 0 0 0 0 0 0 0 0 0      0 0 0 0 0 0 0 0 0 0 0 0 1 0 0 0 0 0 0 0      95.32      89.82      54.52        
0 0 0 0 0 0 0 0 0 0 0 0 0 0 0 0 1 0 0 0      0 0 0 1 0 0 0 0 0 0 0 0 0 0 0 0 0 0 0 0      0 0 0 0 0 0 0 0 0 0 0 0 1 0 0 0 0 0 0 0      0 0 0 0 0 0 0 0 0 0 0 0 0 0 0 0 0 0 1 0      89.82      94.36      54.39        
0 0 0 1 0 0 0 0 0 0 0 0 0 0 0 0 0 0 0 0      0 0 0 0 0 0 0 0 0 0 0 0 1 0 0 0 0 0 0 0      0 0 0 0 0 0 0 0 0 0 0 0 0 0 0 0 0 0 1 0      0 0 0 0 0 0 1 0 0 0 0 0 0 0 0 0 0 0 0 0      94.36      88.91      46.81        
0 0 0 0 0 0 0 0 0 0 0 0 1 0 0 0 0 0 0 0      0 0 0 0 0 0 0 0 0 0 0 0 0 0 0 0 0 0 1 0      0 0 0 0 0 0 1 0 0 0 0 0 0 0 0 0 0 0 0 0      0 0 0 0 0 0 0 0 0 0 0 0 0 0 1 0 0 0 0 0      88.91      87.61      49.24        
0 0 0 0 0 0 0 0 0 0 0 0 0 0 0 0 0 0 1 0      0 0 0 0 0 0 1 0 0 0 0 0 0 0 0 0 0 0 0 0      0 0 0 0 0 0 0 0 0 0 0 0 0 0 1 0 0 0 0 0      0 0 0 0 1 0 0 0 0 0 0 0 0 0 0 0 0 0 0 0      87.61      92.79      51.0        
0 0 0 0 0 0 1 0 0 0 0 0 0 0 0 0 0 0 0 0      0 0 0 0 0 0 0 0 0 0 0 0 0 0 1 0 0 0 0 0      0 0 0 0 1 0 0 0 0 0 0 0 0 0 0 0 0 0 0 0      0 1 0 0 0 0 0 0 0 0 0 0 0 0 0 0 0 0 0 0      92.79      93.11      43.04        
0 0 0 0 0 0 0 0 0 0 0 0 0 0 1 0 0 0 0 0      0 0 0 0 1 0 0 0 0 0 0 0 0 0 0 0 0 0 0 0      0 1 0 0 0 0 0 0 0 0 0 0 0 0 0 0 0 0 0 0      0 0 0 0 0 0 0 0 0 0 0 0 0 0 0 0 1 0 0 0      93.11      96.54      49.19        
0 0 0 0 1 0 0 0 0 0 0 0 0 0 0 0 0 0 0 0      0 1 0 0 0 0 0 0 0 0 0 0 0 0 0 0 0 0 0 0      0 0 0 0 0 0 0 0 0 0 0 0 0 0 0 0 1 0 0 0      0 0 0 0 0 0 0 0 0 0 0 0 0 0 1 0 0 0 0 0      96.54      92.01      45.94        
0 1 0 0 0 0 0 0 0 0 0 0 0 0 0 0 0 0 0 0      0 0 0 0 0 0 0 0 0 0 0 0 0 0 0 0 1 0 0 0      0 0 0 0 0 0 0 0 0 0 0 0 0 0 1 0 0 0 0 0      0 0 0 0 0 0 0 0 0 0 0 0 0 0 0 0 1 0 0 0      92.01      86.98      66.19        
0 0 0 0 0 0 0 0 0 0 0 0 0 0 0 0 1 0 0 0      0 0 0 0 0 0 0 0 0 0 0 0 0 0 1 0 0 0 0 0      0 0 0 0 0 0 0 0 0 0 0 0 0 0 0 0 1 0 0 0      0 0 0 0 0 0 0 0 0 0 0 0 0 0 0 0 0 0 0 1      86.98      99.62      24.01        
0 0 0 0 0 0 0 0 0 0 0 0 0 0 1 0 0 0 0 0      0 0 0 0 0 0 0 0 0 0 0 0 0 0 0 0 1 0 0 0      0 0 0 0 0 0 0 0 0 0 0 0 0 0 0 0 0 0 0 1      1 0 0 0 0 0 0 0 0 0 0 0 0 0 0 0 0 0 0 0      99.62      114.37      45.76        
0 0 0 0 0 0 0 0 0 0 0 0 0 0 0 0 1 0 0 0      0 0 0 0 0 0 0 0 0 0 0 0 0 0 0 0 0 0 0 1      1 0 0 0 0 0 0 0 0 0 0 0 0 0 0 0 0 0 0 0      0 0 0 0 0 0 0 0 0 0 0 0 1 0 0 0 0 0 0 0      114.37      112.94      144.92        
0 0 0 0 0 0 0 0 0 0 0 0 0 0 0 0 0 0 0 1      1 0 0 0 0 0 0 0 0 0 0 0 0 0 0 0 0 0 0 0      0 0 0 0 0 0 0 0 0 0 0 0 1 0 0 0 0 0 0 0      0 0 0 0 0 0 0 0 1 0 0 0 0 0 0 0 0 0 0 0      112.94      98.49      33.54        
1 0 0 0 0 0 0 0 0 0 0 0 0 0 0 0 0 0 0 0      0 0 0 0 0 0 0 0 0 0 0 0 1 0 0 0 0 0 0 0      0 0 0 0 0 0 0 0 1 0 0 0 0 0 0 0 0 0 0 0      0 0 0 1 0 0 0 0 0 0 0 0 0 0 0 0 0 0 0 0      98.49      113.89      165.17        
0 0 0 0 0 0 0 0 0 0 0 0 1 0 0 0 0 0 0 0      0 0 0 0 0 0 0 0 1 0 0 0 0 0 0 0 0 0 0 0      0 0 0 1 0 0 0 0 0 0 0 0 0 0 0 0 0 0 0 0      0 0 0 0 0 0 0 0 1 0 0 0 0 0 0 0 0 0 0 0      113.89      108.83      84.85        
0 0 0 0 0 0 0 0 1 0 0 0 0 0 0 0 0 0 0 0      0 0 0 1 0 0 0 0 0 0 0 0 0 0 0 0 0 0 0 0      0 0 0 0 0 0 0 0 1 0 0 0 0 0 0 0 0 0 0 0      0 0 0 0 0 0 0 0 0 0 0 0 0 0 0 0 1 0 0 0      108.83      132.55      170.86        
0 0 0 1 0 0 0 0 0 0 0 0 0 0 0 0 0 0 0 0      0 0 0 0 0 0 0 0 1 0 0 0 0 0 0 0 0 0 0 0      0 0 0 0 0 0 0 0 0 0 0 0 0 0 0 0 1 0 0 0      0 1 0 0 0 0 0 0 0 0 0 0 0 0 0 0 0 0 0 0      132.55      121.71      157.82        
0 0 0 0 0 0 0 0 1 0 0 0 0 0 0 0 0 0 0 0      0 0 0 0 0 0 0 0 0 0 0 0 0 0 0 0 1 0 0 0      0 1 0 0 0 0 0 0 0 0 0 0 0 0 0 0 0 0 0 0      0 0 0 0 0 0 0 0 0 0 0 0 0 0 0 0 0 0 0 1      121.71      114.43      146.4        
0 0 0 0 0 0 0 0 0 0 0 0 0 0 0 0 1 0 0 0      0 1 0 0 0 0 0 0 0 0 0 0 0 0 0 0 0 0 0 0      0 0 0 0 0 0 0 0 0 0 0 0 0 0 0 0 0 0 0 1      0 0 0 0 0 0 0 0 0 0 0 0 0 0 0 0 0 1 0 0      114.43      129.5      166.28        
0 1 0 0 0 0 0 0 0 0 0 0 0 0 0 0 0 0 0 0      0 0 0 0 0 0 0 0 0 0 0 0 0 0 0 0 0 0 0 1      0 0 0 0 0 0 0 0 0 0 0 0 0 0 0 0 0 1 0 0      0 0 0 0 0 0 0 0 0 0 0 0 1 0 0 0 0 0 0 0      129.5      104.73      158.89        
0 0 0 0 0 0 0 0 0 0 0 0 0 0 0 0 0 0 0 1      0 0 0 0 0 0 0 0 0 0 0 0 0 0 0 0 0 1 0 0      0 0 0 0 0 0 0 0 0 0 0 0 1 0 0 0 0 0 0 0      0 0 0 0 0 0 0 0 0 0 0 0 0 1 0 0 0 0 0 0      104.73      132.81      160.55        
0 0 0 0 0 0 0 0 0 0 0 0 0 0 0 0 0 1 0 0      0 0 0 0 0 0 0 0 0 0 0 0 1 0 0 0 0 0 0 0      0 0 0 0 0 0 0 0 0 0 0 0 0 1 0 0 0 0 0 0      0 0 0 0 0 0 0 0 0 0 0 0 0 0 0 0 1 0 0 0      132.81      97.36      39.4        
0 0 0 0 0 0 0 0 0 0 0 0 1 0 0 0 0 0 0 0      0 0 0 0 0 0 0 0 0 0 0 0 0 1 0 0 0 0 0 0      0 0 0 0 0 0 0 0 0 0 0 0 0 0 0 0 1 0 0 0      0 0 0 0 1 0 0 0 0 0 0 0 0 0 0 0 0 0 0 0      97.36      86.18      149.96        
0 0 0 0 0 0 0 0 0 0 0 0 0 1 0 0 0 0 0 0      0 0 0 0 0 0 0 0 0 0 0 0 0 0 0 0 1 0 0 0      0 0 0 0 1 0 0 0 0 0 0 0 0 0 0 0 0 0 0 0      0 0 0 0 0 0 0 0 1 0 0 0 0 0 0 0 0 0 0 0      86.18      87.45      76.29        
0 0 0 0 0 0 0 0 0 0 0 0 0 0 0 0 1 0 0 0      0 0 0 0 1 0 0 0 0 0 0 0 0 0 0 0 0 0 0 0      0 0 0 0 0 0 0 0 1 0 0 0 0 0 0 0 0 0 0 0      0 0 0 0 0 0 0 0 0 0 0 0 0 1 0 0 0 0 0 0      87.45      106.73      95.85        
0 0 0 0 1 0 0 0 0 0 0 0 0 0 0 0 0 0 0 0      0 0 0 0 0 0 0 0 1 0 0 0 0 0 0 0 0 0 0 0      0 0 0 0 0 0 0 0 0 0 0 0 0 1 0 0 0 0 0 0      0 0 0 0 1 0 0 0 0 0 0 0 0 0 0 0 0 0 0 0      106.73      92.51      146.45        
0 0 0 0 0 0 0 0 1 0 0 0 0 0 0 0 0 0 0 0      0 0 0 0 0 0 0 0 0 0 0 0 0 1 0 0 0 0 0 0      0 0 0 0 1 0 0 0 0 0 0 0 0 0 0 0 0 0 0 0      0 0 0 0 0 0 0 0 0 0 0 0 0 0 1 0 0 0 0 0      92.51      100.57      72.18        
0 0 0 0 0 0 0 0 0 0 0 0 0 1 0 0 0 0 0 0      0 0 0 0 1 0 0 0 0 0 0 0 0 0 0 0 0 0 0 0      0 0 0 0 0 0 0 0 0 0 0 0 0 0 1 0 0 0 0 0      0 0 0 0 0 0 0 0 0 0 0 0 0 1 0 0 0 0 0 0      100.57      120.47      179.47        
0 0 0 0 1 0 0 0 0 0 0 0 0 0 0 0 0 0 0 0      0 0 0 0 0 0 0 0 0 0 0 0 0 0 1 0 0 0 0 0      0 0 0 0 0 0 0 0 0 0 0 0 0 1 0 0 0 0 0 0      0 0 0 0 0 0 0 0 0 0 0 0 0 0 0 0 1 0 0 0      120.47      104.79      174.75        
0 0 0 0 0 0 0 0 0 0 0 0 0 0 1 0 0 0 0 0      0 0 0 0 0 0 0 0 0 0 0 0 0 1 0 0 0 0 0 0      0 0 0 0 0 0 0 0 0 0 0 0 0 0 0 0 1 0 0 0      0 0 0 0 0 0 0 0 0 0 0 0 0 1 0 0 0 0 0 0      104.79      104.36      55.47        
0 0 0 0 0 0 0 0 0 0 0 0 0 1 0 0 0 0 0 0      0 0 0 0 0 0 0 0 0 0 0 0 0 0 0 0 1 0 0 0      0 0 0 0 0 0 0 0 0 0 0 0 0 1 0 0 0 0 0 0      0 0 0 0 0 0 0 0 0 0 0 0 0 0 0 1 0 0 0 0      104.36      132.72      175.77        
0 0 0 0 0 0 0 0 0 0 0 0 0 0 0 0 1 0 0 0      0 0 0 0 0 0 0 0 0 0 0 0 0 1 0 0 0 0 0 0      0 0 0 0 0 0 0 0 0 0 0 0 0 0 0 1 0 0 0 0      0 0 0 0 0 0 0 0 0 0 0 0 0 1 0 0 0 0 0 0      132.72      92.05      94.16        
0 0 0 0 0 0 0 0 0 0 0 0 0 1 0 0 0 0 0 0      0 0 0 0 0 0 0 0 0 0 0 0 0 0 0 1 0 0 0 0      0 0 0 0 0 0 0 0 0 0 0 0 0 1 0 0 0 0 0 0      0 0 0 0 0 0 0 0 0 0 1 0 0 0 0 0 0 0 0 0      92.05      91.28      58.81        
0 0 0 0 0 0 0 0 0 0 0 0 0 0 0 1 0 0 0 0      0 0 0 0 0 0 0 0 0 0 0 0 0 1 0 0 0 0 0 0      0 0 0 0 0 0 0 0 0 0 1 0 0 0 0 0 0 0 0 0      0 0 0 0 0 0 0 0 1 0 0 0 0 0 0 0 0 0 0 0      91.28      96.92      44.0        
0 0 0 0 0 0 0 0 0 0 0 0 0 1 0 0 0 0 0 0      0 0 0 0 0 0 0 0 0 0 1 0 0 0 0 0 0 0 0 0      0 0 0 0 0 0 0 0 1 0 0 0 0 0 0 0 0 0 0 0      0 0 0 0 0 0 0 0 0 0 0 0 0 0 0 0 1 0 0 0      96.92      104.37      94.86        
0 0 0 0 0 0 0 0 0 0 1 0 0 0 0 0 0 0 0 0      0 0 0 0 0 0 0 0 1 0 0 0 0 0 0 0 0 0 0 0      0 0 0 0 0 0 0 0 0 0 0 0 0 0 0 0 1 0 0 0      0 0 0 0 0 0 0 1 0 0 0 0 0 0 0 0 0 0 0 0      104.37      112.98      127.45        
0 0 0 0 0 0 0 0 1 0 0 0 0 0 0 0 0 0 0 0      0 0 0 0 0 0 0 0 0 0 0 0 0 0 0 0 1 0 0 0      0 0 0 0 0 0 0 1 0 0 0 0 0 0 0 0 0 0 0 0      0 0 0 0 0 0 1 0 0 0 0 0 0 0 0 0 0 0 0 0      112.98      95.63      94.95        
0 0 0 0 0 0 0 0 0 0 0 0 0 0 0 0 1 0 0 0      0 0 0 0 0 0 0 1 0 0 0 0 0 0 0 0 0 0 0 0      0 0 0 0 0 0 1 0 0 0 0 0 0 0 0 0 0 0 0 0      0 0 0 0 0 0 0 0 0 0 0 0 0 0 1 0 0 0 0 0      95.63      92.71      60.31        
0 0 0 0 0 0 0 1 0 0 0 0 0 0 0 0 0 0 0 0      0 0 0 0 0 0 1 0 0 0 0 0 0 0 0 0 0 0 0 0      0 0 0 0 0 0 0 0 0 0 0 0 0 0 1 0 0 0 0 0      0 0 0 0 0 0 0 0 0 0 0 0 0 1 0 0 0 0 0 0      92.71      86.54      66.94        
0 0 0 0 0 0 1 0 0 0 0 0 0 0 0 0 0 0 0 0      0 0 0 0 0 0 0 0 0 0 0 0 0 0 1 0 0 0 0 0      0 0 0 0 0 0 0 0 0 0 0 0 0 1 0 0 0 0 0 0      0 0 0 0 0 0 0 0 0 0 0 0 0 1 0 0 0 0 0 0      86.54      108.31      54.53        
0 0 0 0 0 0 0 0 0 0 0 0 0 0 1 0 0 0 0 0      0 0 0 0 0 0 0 0 0 0 0 0 0 1 0 0 0 0 0 0      0 0 0 0 0 0 0 0 0 0 0 0 0 1 0 0 0 0 0 0      0 0 0 0 0 0 0 0 0 0 0 0 1 0 0 0 0 0 0 0      108.31      95.94      30.24        
0 0 0 0 0 0 0 0 0 0 0 0 0 1 0 0 0 0 0 0      0 0 0 0 0 0 0 0 0 0 0 0 0 1 0 0 0 0 0 0      0 0 0 0 0 0 0 0 0 0 0 0 1 0 0 0 0 0 0 0      0 1 0 0 0 0 0 0 0 0 0 0 0 0 0 0 0 0 0 0      95.94      93.71      96.29        
0 0 0 0 0 0 0 0 0 0 0 0 0 1 0 0 0 0 0 0      0 0 0 0 0 0 0 0 0 0 0 0 1 0 0 0 0 0 0 0      0 1 0 0 0 0 0 0 0 0 0 0 0 0 0 0 0 0 0 0      0 0 0 0 0 1 0 0 0 0 0 0 0 0 0 0 0 0 0 0      93.71      124.38      157.51        
0 0 0 0 0 0 0 0 0 0 0 0 1 0 0 0 0 0 0 0      0 1 0 0 0 0 0 0 0 0 0 0 0 0 0 0 0 0 0 0      0 0 0 0 0 1 0 0 0 0 0 0 0 0 0 0 0 0 0 0      0 0 0 0 0 0 0 0 0 0 0 1 0 0 0 0 0 0 0 0      124.38      117.77      132.37        
0 1 0 0 0 0 0 0 0 0 0 0 0 0 0 0 0 0 0 0      0 0 0 0 0 1 0 0 0 0 0 0 0 0 0 0 0 0 0 0      0 0 0 0 0 0 0 0 0 0 0 1 0 0 0 0 0 0 0 0      0 0 0 0 0 0 0 0 0 0 0 1 0 0 0 0 0 0 0 0      117.77      133.81      147.74        
0 0 0 0 0 1 0 0 0 0 0 0 0 0 0 0 0 0 0 0      0 0 0 0 0 0 0 0 0 0 0 1 0 0 0 0 0 0 0 0      0 0 0 0 0 0 0 0 0 0 0 1 0 0 0 0 0 0 0 0      0 0 0 0 1 0 0 0 0 0 0 0 0 0 0 0 0 0 0 0      133.81      135.97      175.03        
0 0 0 0 0 0 0 0 0 0 0 1 0 0 0 0 0 0 0 0      0 0 0 0 0 0 0 0 0 0 0 1 0 0 0 0 0 0 0 0      0 0 0 0 1 0 0 0 0 0 0 0 0 0 0 0 0 0 0 0      0 0 0 0 0 0 0 0 1 0 0 0 0 0 0 0 0 0 0 0      135.97      105.96      132.42        
0 0 0 0 0 0 0 0 0 0 0 1 0 0 0 0 0 0 0 0      0 0 0 0 1 0 0 0 0 0 0 0 0 0 0 0 0 0 0 0      0 0 0 0 0 0 0 0 1 0 0 0 0 0 0 0 0 0 0 0      0 0 0 0 0 0 0 0 0 0 1 0 0 0 0 0 0 0 0 0      105.96      138.99      179.97        
0 0 0 0 1 0 0 0 0 0 0 0 0 0 0 0 0 0 0 0      0 0 0 0 0 0 0 0 1 0 0 0 0 0 0 0 0 0 0 0      0 0 0 0 0 0 0 0 0 0 1 0 0 0 0 0 0 0 0 0      0 0 0 0 0 0 0 0 0 0 0 0 0 0 0 1 0 0 0 0      138.99      114.47      162.92        
0 0 0 0 0 0 0 0 1 0 0 0 0 0 0 0 0 0 0 0      0 0 0 0 0 0 0 0 0 0 1 0 0 0 0 0 0 0 0 0      0 0 0 0 0 0 0 0 0 0 0 0 0 0 0 1 0 0 0 0      0 0 0 0 0 0 0 0 0 0 0 0 0 1 0 0 0 0 0 0      114.47      92.62      169.03        
0 0 0 0 0 0 0 0 0 0 1 0 0 0 0 0 0 0 0 0      0 0 0 0 0 0 0 0 0 0 0 0 0 0 0 1 0 0 0 0      0 0 0 0 0 0 0 0 0 0 0 0 0 1 0 0 0 0 0 0      0 0 0 0 0 0 0 0 0 0 1 0 0 0 0 0 0 0 0 0      92.62      94.87      55.49        
0 0 0 0 0 0 0 0 0 0 0 0 0 0 0 1 0 0 0 0      0 0 0 0 0 0 0 0 0 0 0 0 0 1 0 0 0 0 0 0      0 0 0 0 0 0 0 0 0 0 1 0 0 0 0 0 0 0 0 0      0 0 0 0 0 0 0 0 0 0 0 0 1 0 0 0 0 0 0 0      94.87      95.58      34.07        
0 0 0 0 0 0 0 0 0 0 0 0 0 1 0 0 0 0 0 0      0 0 0 0 0 0 0 0 0 0 1 0 0 0 0 0 0 0 0 0      0 0 0 0 0 0 0 0 0 0 0 0 1 0 0 0 0 0 0 0      0 0 0 0 0 0 0 0 0 0 0 1 0 0 0 0 0 0 0 0      95.58      85.63      122.67        
0 0 0 0 0 0 0 0 0 0 1 0 0 0 0 0 0 0 0 0      0 0 0 0 0 0 0 0 0 0 0 0 1 0 0 0 0 0 0 0      0 0 0 0 0 0 0 0 0 0 0 1 0 0 0 0 0 0 0 0      0 0 0 0 0 0 0 0 0 0 0 0 1 0 0 0 0 0 0 0      85.63      110.71      167.91        
0 0 0 0 0 0 0 0 0 0 0 0 1 0 0 0 0 0 0 0      0 0 0 0 0 0 0 0 0 0 0 1 0 0 0 0 0 0 0 0      0 0 0 0 0 0 0 0 0 0 0 0 1 0 0 0 0 0 0 0      0 0 0 0 0 0 0 1 0 0 0 0 0 0 0 0 0 0 0 0      110.71      90.14      10.63        
0 0 0 0 0 0 0 0 0 0 0 1 0 0 0 0 0 0 0 0      0 0 0 0 0 0 0 0 0 0 0 0 1 0 0 0 0 0 0 0      0 0 0 0 0 0 0 1 0 0 0 0 0 0 0 0 0 0 0 0      1 0 0 0 0 0 0 0 0 0 0 0 0 0 0 0 0 0 0 0      90.14      93.58      148.34        
0 0 0 0 0 0 0 0 0 0 0 0 1 0 0 0 0 0 0 0      0 0 0 0 0 0 0 1 0 0 0 0 0 0 0 0 0 0 0 0      1 0 0 0 0 0 0 0 0 0 0 0 0 0 0 0 0 0 0 0      0 0 0 0 0 0 0 0 0 0 0 0 0 1 0 0 0 0 0 0      93.58      98.8      44.85        
0 0 0 0 0 0 0 1 0 0 0 0 0 0 0 0 0 0 0 0      1 0 0 0 0 0 0 0 0 0 0 0 0 0 0 0 0 0 0 0      0 0 0 0 0 0 0 0 0 0 0 0 0 1 0 0 0 0 0 0      0 0 0 1 0 0 0 0 0 0 0 0 0 0 0 0 0 0 0 0      98.8      100.53      84.02        
1 0 0 0 0 0 0 0 0 0 0 0 0 0 0 0 0 0 0 0      0 0 0 0 0 0 0 0 0 0 0 0 0 1 0 0 0 0 0 0      0 0 0 1 0 0 0 0 0 0 0 0 0 0 0 0 0 0 0 0      0 0 0 0 0 0 0 1 0 0 0 0 0 0 0 0 0 0 0 0      100.53      90.44      47.51        
0 0 0 0 0 0 0 0 0 0 0 0 0 1 0 0 0 0 0 0      0 0 0 1 0 0 0 0 0 0 0 0 0 0 0 0 0 0 0 0      0 0 0 0 0 0 0 1 0 0 0 0 0 0 0 0 0 0 0 0      0 1 0 0 0 0 0 0 0 0 0 0 0 0 0 0 0 0 0 0      90.44      93.75      46.25        
0 0 0 1 0 0 0 0 0 0 0 0 0 0 0 0 0 0 0 0      0 0 0 0 0 0 0 1 0 0 0 0 0 0 0 0 0 0 0 0      0 1 0 0 0 0 0 0 0 0 0 0 0 0 0 0 0 0 0 0      0 0 0 0 0 0 0 0 0 0 0 0 0 0 0 0 0 0 1 0      93.75      94.02      50.36        
0 0 0 0 0 0 0 1 0 0 0 0 0 0 0 0 0 0 0 0      0 1 0 0 0 0 0 0 0 0 0 0 0 0 0 0 0 0 0 0      0 0 0 0 0 0 0 0 0 0 0 0 0 0 0 0 0 0 1 0      0 1 0 0 0 0 0 0 0 0 0 0 0 0 0 0 0 0 0 0      94.02      90.04      46.37        
0 1 0 0 0 0 0 0 0 0 0 0 0 0 0 0 0 0 0 0      0 0 0 0 0 0 0 0 0 0 0 0 0 0 0 0 0 0 1 0      0 1 0 0 0 0 0 0 0 0 0 0 0 0 0 0 0 0 0 0      0 0 0 0 0 0 0 0 0 0 0 0 0 0 0 1 0 0 0 0      90.04      92.95      49.84        
0 0 0 0 0 0 0 0 0 0 0 0 0 0 0 0 0 0 1 0      0 1 0 0 0 0 0 0 0 0 0 0 0 0 0 0 0 0 0 0      0 0 0 0 0 0 0 0 0 0 0 0 0 0 0 1 0 0 0 0      0 0 0 0 0 0 0 0 0 0 0 0 0 0 1 0 0 0 0 0      92.95      91.05      50.89        
0 1 0 0 0 0 0 0 0 0 0 0 0 0 0 0 0 0 0 0      0 0 0 0 0 0 0 0 0 0 0 0 0 0 0 1 0 0 0 0      0 0 0 0 0 0 0 0 0 0 0 0 0 0 1 0 0 0 0 0      0 0 0 0 0 0 0 0 0 0 0 0 0 1 0 0 0 0 0 0      91.05      90.67      50.32        
0 0 0 0 0 0 0 0 0 0 0 0 0 0 0 1 0 0 0 0      0 0 0 0 0 0 0 0 0 0 0 0 0 0 1 0 0 0 0 0      0 0 0 0 0 0 0 0 0 0 0 0 0 1 0 0 0 0 0 0      0 1 0 0 0 0 0 0 0 0 0 0 0 0 0 0 0 0 0 0      90.67      97.2      45.45        
0 0 0 0 0 0 0 0 0 0 0 0 0 0 1 0 0 0 0 0      0 0 0 0 0 0 0 0 0 0 0 0 0 1 0 0 0 0 0 0      0 1 0 0 0 0 0 0 0 0 0 0 0 0 0 0 0 0 0 0      0 0 0 0 0 0 0 0 1 0 0 0 0 0 0 0 0 0 0 0      97.2      95.7      42.24        
0 0 0 0 0 0 0 0 0 0 0 0 0 1 0 0 0 0 0 0      0 1 0 0 0 0 0 0 0 0 0 0 0 0 0 0 0 0 0 0      0 0 0 0 0 0 0 0 1 0 0 0 0 0 0 0 0 0 0 0      0 0 0 0 0 0 0 0 0 0 0 0 0 0 0 0 0 1 0 0      95.7      92.75      40.65        
0 1 0 0 0 0 0 0 0 0 0 0 0 0 0 0 0 0 0 0      0 0 0 0 0 0 0 0 1 0 0 0 0 0 0 0 0 0 0 0      0 0 0 0 0 0 0 0 0 0 0 0 0 0 0 0 0 1 0 0      0 0 0 0 1 0 0 0 0 0 0 0 0 0 0 0 0 0 0 0      92.75      93.81      129.82        
0 0 0 0 0 0 0 0 1 0 0 0 0 0 0 0 0 0 0 0      0 0 0 0 0 0 0 0 0 0 0 0 0 0 0 0 0 1 0 0      0 0 0 0 1 0 0 0 0 0 0 0 0 0 0 0 0 0 0 0      0 0 0 1 0 0 0 0 0 0 0 0 0 0 0 0 0 0 0 0      93.81      117.08      124.82        
0 0 0 0 0 0 0 0 0 0 0 0 0 0 0 0 0 1 0 0      0 0 0 0 1 0 0 0 0 0 0 0 0 0 0 0 0 0 0 0      0 0 0 1 0 0 0 0 0 0 0 0 0 0 0 0 0 0 0 0      0 0 0 0 0 0 0 0 0 0 0 0 1 0 0 0 0 0 0 0      117.08      88.83      172.86        
0 0 0 0 1 0 0 0 0 0 0 0 0 0 0 0 0 0 0 0      0 0 0 1 0 0 0 0 0 0 0 0 0 0 0 0 0 0 0 0      0 0 0 0 0 0 0 0 0 0 0 0 1 0 0 0 0 0 0 0      0 1 0 0 0 0 0 0 0 0 0 0 0 0 0 0 0 0 0 0      88.83      95.43      56.44        
0 0 0 1 0 0 0 0 0 0 0 0 0 0 0 0 0 0 0 0      0 0 0 0 0 0 0 0 0 0 0 0 1 0 0 0 0 0 0 0      0 1 0 0 0 0 0 0 0 0 0 0 0 0 0 0 0 0 0 0      1 0 0 0 0 0 0 0 0 0 0 0 0 0 0 0 0 0 0 0      95.43      110.77      131.48        
0 0 0 0 0 0 0 0 0 0 0 0 1 0 0 0 0 0 0 0      0 1 0 0 0 0 0 0 0 0 0 0 0 0 0 0 0 0 0 0      1 0 0 0 0 0 0 0 0 0 0 0 0 0 0 0 0 0 0 0      0 0 0 0 0 0 0 1 0 0 0 0 0 0 0 0 0 0 0 0      110.77      136.4      172.06        
0 1 0 0 0 0 0 0 0 0 0 0 0 0 0 0 0 0 0 0      1 0 0 0 0 0 0 0 0 0 0 0 0 0 0 0 0 0 0 0      0 0 0 0 0 0 0 1 0 0 0 0 0 0 0 0 0 0 0 0      0 0 0 0 0 0 0 0 0 0 0 0 0 0 0 0 1 0 0 0      136.4      106.16      122.28        
1 0 0 0 0 0 0 0 0 0 0 0 0 0 0 0 0 0 0 0      0 0 0 0 0 0 0 1 0 0 0 0 0 0 0 0 0 0 0 0      0 0 0 0 0 0 0 0 0 0 0 0 0 0 0 0 1 0 0 0      0 0 0 0 0 0 0 0 0 0 0 0 0 0 0 1 0 0 0 0      106.16      91.5      155.82        
0 0 0 0 0 0 0 1 0 0 0 0 0 0 0 0 0 0 0 0      0 0 0 0 0 0 0 0 0 0 0 0 0 0 0 0 1 0 0 0      0 0 0 0 0 0 0 0 0 0 0 0 0 0 0 1 0 0 0 0      0 0 0 0 0 0 0 0 0 1 0 0 0 0 0 0 0 0 0 0      91.5      139.36      0.46        
0 0 0 0 0 0 0 0 0 0 0 0 0 0 0 0 1 0 0 0      0 0 0 0 0 0 0 0 0 0 0 0 0 0 0 1 0 0 0 0      0 0 0 0 0 0 0 0 0 1 0 0 0 0 0 0 0 0 0 0      0 0 0 1 0 0 0 0 0 0 0 0 0 0 0 0 0 0 0 0      139.36      116.19      100.75        
0 0 0 0 0 0 0 0 0 0 0 0 0 0 0 1 0 0 0 0      0 0 0 0 0 0 0 0 0 1 0 0 0 0 0 0 0 0 0 0      0 0 0 1 0 0 0 0 0 0 0 0 0 0 0 0 0 0 0 0      0 0 0 0 0 0 0 0 0 0 0 0 0 0 0 1 0 0 0 0      116.19      116.54      110.97        
0 0 0 0 0 0 0 0 0 1 0 0 0 0 0 0 0 0 0 0      0 0 0 1 0 0 0 0 0 0 0 0 0 0 0 0 0 0 0 0      0 0 0 0 0 0 0 0 0 0 0 0 0 0 0 1 0 0 0 0      0 1 0 0 0 0 0 0 0 0 0 0 0 0 0 0 0 0 0 0      116.54      104.88      87.1        
0 0 0 1 0 0 0 0 0 0 0 0 0 0 0 0 0 0 0 0      0 0 0 0 0 0 0 0 0 0 0 0 0 0 0 1 0 0 0 0      0 1 0 0 0 0 0 0 0 0 0 0 0 0 0 0 0 0 0 0      0 0 0 0 0 0 0 0 0 0 0 0 0 0 0 1 0 0 0 0      104.88      135.05      172.02        
0 0 0 0 0 0 0 0 0 0 0 0 0 0 0 1 0 0 0 0      0 1 0 0 0 0 0 0 0 0 0 0 0 0 0 0 0 0 0 0      0 0 0 0 0 0 0 0 0 0 0 0 0 0 0 1 0 0 0 0      0 0 0 1 0 0 0 0 0 0 0 0 0 0 0 0 0 0 0 0      135.05      106.81      94.25        
0 1 0 0 0 0 0 0 0 0 0 0 0 0 0 0 0 0 0 0      0 0 0 0 0 0 0 0 0 0 0 0 0 0 0 1 0 0 0 0      0 0 0 1 0 0 0 0 0 0 0 0 0 0 0 0 0 0 0 0      0 0 0 1 0 0 0 0 0 0 0 0 0 0 0 0 0 0 0 0      106.81      115.22      96.18        
0 0 0 0 0 0 0 0 0 0 0 0 0 0 0 1 0 0 0 0      0 0 0 1 0 0 0 0 0 0 0 0 0 0 0 0 0 0 0 0      0 0 0 1 0 0 0 0 0 0 0 0 0 0 0 0 0 0 0 0      1 0 0 0 0 0 0 0 0 0 0 0 0 0 0 0 0 0 0 0      115.22      111.46      83.77        
0 0 0 1 0 0 0 0 0 0 0 0 0 0 0 0 0 0 0 0      0 0 0 1 0 0 0 0 0 0 0 0 0 0 0 0 0 0 0 0      1 0 0 0 0 0 0 0 0 0 0 0 0 0 0 0 0 0 0 0      0 0 0 0 0 0 0 0 0 0 0 0 0 0 0 0 1 0 0 0      111.46      91.37      166.71        
0 0 0 1 0 0 0 0 0 0 0 0 0 0 0 0 0 0 0 0      1 0 0 0 0 0 0 0 0 0 0 0 0 0 0 0 0 0 0 0      0 0 0 0 0 0 0 0 0 0 0 0 0 0 0 0 1 0 0 0      0 0 0 0 0 0 0 0 0 0 0 0 0 0 0 0 1 0 0 0      91.37      128.11      25.09        
1 0 0 0 0 0 0 0 0 0 0 0 0 0 0 0 0 0 0 0      0 0 0 0 0 0 0 0 0 0 0 0 0 0 0 0 1 0 0 0      0 0 0 0 0 0 0 0 0 0 0 0 0 0 0 0 1 0 0 0      0 0 0 0 0 0 0 0 0 1 0 0 0 0 0 0 0 0 0 0      128.11      121.47      116.97        
0 0 0 0 0 0 0 0 0 0 0 0 0 0 0 0 1 0 0 0      0 0 0 0 0 0 0 0 0 0 0 0 0 0 0 0 1 0 0 0      0 0 0 0 0 0 0 0 0 1 0 0 0 0 0 0 0 0 0 0      0 0 0 0 1 0 0 0 0 0 0 0 0 0 0 0 0 0 0 0      121.47      107.47      145.43        
0 0 0 0 0 0 0 0 0 0 0 0 0 0 0 0 1 0 0 0      0 0 0 0 0 0 0 0 0 1 0 0 0 0 0 0 0 0 0 0      0 0 0 0 1 0 0 0 0 0 0 0 0 0 0 0 0 0 0 0      0 0 0 1 0 0 0 0 0 0 0 0 0 0 0 0 0 0 0 0      107.47      109.86      124.99        
0 0 0 0 0 0 0 0 0 1 0 0 0 0 0 0 0 0 0 0      0 0 0 0 1 0 0 0 0 0 0 0 0 0 0 0 0 0 0 0      0 0 0 1 0 0 0 0 0 0 0 0 0 0 0 0 0 0 0 0      0 0 0 0 0 0 0 0 0 0 0 0 0 0 0 1 0 0 0 0      109.86      93.12      143.53        
0 0 0 0 1 0 0 0 0 0 0 0 0 0 0 0 0 0 0 0      0 0 0 1 0 0 0 0 0 0 0 0 0 0 0 0 0 0 0 0      0 0 0 0 0 0 0 0 0 0 0 0 0 0 0 1 0 0 0 0      0 1 0 0 0 0 0 0 0 0 0 0 0 0 0 0 0 0 0 0      93.12      91.27      54.35        
0 0 0 1 0 0 0 0 0 0 0 0 0 0 0 0 0 0 0 0      0 0 0 0 0 0 0 0 0 0 0 0 0 0 0 1 0 0 0 0      0 1 0 0 0 0 0 0 0 0 0 0 0 0 0 0 0 0 0 0      0 0 0 0 0 0 0 0 0 0 0 0 0 0 0 1 0 0 0 0      91.27      90.83      43.75        
0 0 0 0 0 0 0 0 0 0 0 0 0 0 0 1 0 0 0 0      0 1 0 0 0 0 0 0 0 0 0 0 0 0 0 0 0 0 0 0      0 0 0 0 0 0 0 0 0 0 0 0 0 0 0 1 0 0 0 0      0 0 0 0 0 0 0 0 0 0 0 0 0 0 0 1 0 0 0 0      90.83      91.88      55.49        
0 1 0 0 0 0 0 0 0 0 0 0 0 0 0 0 0 0 0 0      0 0 0 0 0 0 0 0 0 0 0 0 0 0 0 1 0 0 0 0      0 0 0 0 0 0 0 0 0 0 0 0 0 0 0 1 0 0 0 0      0 0 0 0 0 1 0 0 0 0 0 0 0 0 0 0 0 0 0 0      91.88      91.76      46.63        
0 0 0 0 0 0 0 0 0 0 0 0 0 0 0 1 0 0 0 0      0 0 0 0 0 0 0 0 0 0 0 0 0 0 0 1 0 0 0 0      0 0 0 0 0 1 0 0 0 0 0 0 0 0 0 0 0 0 0 0      0 0 0 0 0 0 0 0 0 0 0 1 0 0 0 0 0 0 0 0      91.76      93.7      51.32        
0 0 0 0 0 0 0 0 0 0 0 0 0 0 0 1 0 0 0 0      0 0 0 0 0 1 0 0 0 0 0 0 0 0 0 0 0 0 0 0      0 0 0 0 0 0 0 0 0 0 0 1 0 0 0 0 0 0 0 0      1 0 0 0 0 0 0 0 0 0 0 0 0 0 0 0 0 0 0 0      93.7      89.91      50.04        
0 0 0 0 0 1 0 0 0 0 0 0 0 0 0 0 0 0 0 0      0 0 0 0 0 0 0 0 0 0 0 1 0 0 0 0 0 0 0 0      1 0 0 0 0 0 0 0 0 0 0 0 0 0 0 0 0 0 0 0      0 0 0 0 0 0 1 0 0 0 0 0 0 0 0 0 0 0 0 0      89.91      89.8      51.32        
0 0 0 0 0 0 0 0 0 0 0 1 0 0 0 0 0 0 0 0      1 0 0 0 0 0 0 0 0 0 0 0 0 0 0 0 0 0 0 0      0 0 0 0 0 0 1 0 0 0 0 0 0 0 0 0 0 0 0 0      0 0 0 0 1 0 0 0 0 0 0 0 0 0 0 0 0 0 0 0      89.8      90.74      48.24        
1 0 0 0 0 0 0 0 0 0 0 0 0 0 0 0 0 0 0 0      0 0 0 0 0 0 1 0 0 0 0 0 0 0 0 0 0 0 0 0      0 0 0 0 1 0 0 0 0 0 0 0 0 0 0 0 0 0 0 0      0 1 0 0 0 0 0 0 0 0 0 0 0 0 0 0 0 0 0 0      90.74      89.29      53.08        
0 0 0 0 0 0 1 0 0 0 0 0 0 0 0 0 0 0 0 0      0 0 0 0 1 0 0 0 0 0 0 0 0 0 0 0 0 0 0 0      0 1 0 0 0 0 0 0 0 0 0 0 0 0 0 0 0 0 0 0      1 0 0 0 0 0 0 0 0 0 0 0 0 0 0 0 0 0 0 0      89.29      90.09      51.56        
0 0 0 0 1 0 0 0 0 0 0 0 0 0 0 0 0 0 0 0      0 1 0 0 0 0 0 0 0 0 0 0 0 0 0 0 0 0 0 0      1 0 0 0 0 0 0 0 0 0 0 0 0 0 0 0 0 0 0 0      0 0 0 0 0 0 0 0 0 0 0 0 0 0 0 0 1 0 0 0      90.09      92.76      49.5        
0 1 0 0 0 0 0 0 0 0 0 0 0 0 0 0 0 0 0 0      1 0 0 0 0 0 0 0 0 0 0 0 0 0 0 0 0 0 0 0      0 0 0 0 0 0 0 0 0 0 0 0 0 0 0 0 1 0 0 0      0 0 0 0 0 0 0 0 0 0 0 0 0 0 0 1 0 0 0 0      92.76      91.84      48.07        
1 0 0 0 0 0 0 0 0 0 0 0 0 0 0 0 0 0 0 0      0 0 0 0 0 0 0 0 0 0 0 0 0 0 0 0 1 0 0 0      0 0 0 0 0 0 0 0 0 0 0 0 0 0 0 1 0 0 0 0      0 0 0 0 0 1 0 0 0 0 0 0 0 0 0 0 0 0 0 0      91.84      87.95      48.34        
0 0 0 0 0 0 0 0 0 0 0 0 0 0 0 0 1 0 0 0      0 0 0 0 0 0 0 0 0 0 0 0 0 0 0 1 0 0 0 0      0 0 0 0 0 1 0 0 0 0 0 0 0 0 0 0 0 0 0 0      0 0 1 0 0 0 0 0 0 0 0 0 0 0 0 0 0 0 0 0      87.95      90.26      61.25        
0 0 0 0 0 0 0 0 0 0 0 0 0 0 0 1 0 0 0 0      0 0 0 0 0 1 0 0 0 0 0 0 0 0 0 0 0 0 0 0      0 0 1 0 0 0 0 0 0 0 0 0 0 0 0 0 0 0 0 0      0 0 1 0 0 0 0 0 0 0 0 0 0 0 0 0 0 0 0 0      90.26      108.58      24.17        
0 0 0 0 0 1 0 0 0 0 0 0 0 0 0 0 0 0 0 0      0 0 1 0 0 0 0 0 0 0 0 0 0 0 0 0 0 0 0 0      0 0 1 0 0 0 0 0 0 0 0 0 0 0 0 0 0 0 0 0      0 0 0 0 0 0 0 0 0 0 1 0 0 0 0 0 0 0 0 0      108.58      40.04      32.64        
0 0 1 0 0 0 0 0 0 0 0 0 0 0 0 0 0 0 0 0      0 0 1 0 0 0 0 0 0 0 0 0 0 0 0 0 0 0 0 0      0 0 0 0 0 0 0 0 0 0 1 0 0 0 0 0 0 0 0 0      0 0 0 0 0 0 0 0 0 0 0 0 0 0 0 0 0 0 1 0      40.04      89.79      110.11        
0 0 1 0 0 0 0 0 0 0 0 0 0 0 0 0 0 0 0 0      0 0 0 0 0 0 0 0 0 0 1 0 0 0 0 0 0 0 0 0      0 0 0 0 0 0 0 0 0 0 0 0 0 0 0 0 0 0 1 0      1 0 0 0 0 0 0 0 0 0 0 0 0 0 0 0 0 0 0 0      89.79      135.4      9.24        
0 0 0 0 0 0 0 0 0 0 1 0 0 0 0 0 0 0 0 0      0 0 0 0 0 0 0 0 0 0 0 0 0 0 0 0 0 0 1 0      1 0 0 0 0 0 0 0 0 0 0 0 0 0 0 0 0 0 0 0      0 0 0 0 0 0 0 0 0 0 0 0 0 0 0 0 0 0 0 1      135.4      114.06      127.25        
0 0 0 0 0 0 0 0 0 0 0 0 0 0 0 0 0 0 1 0      1 0 0 0 0 0 0 0 0 0 0 0 0 0 0 0 0 0 0 0      0 0 0 0 0 0 0 0 0 0 0 0 0 0 0 0 0 0 0 1      0 0 0 1 0 0 0 0 0 0 0 0 0 0 0 0 0 0 0 0      114.06      107.44      114.75        
1 0 0 0 0 0 0 0 0 0 0 0 0 0 0 0 0 0 0 0      0 0 0 0 0 0 0 0 0 0 0 0 0 0 0 0 0 0 0 1      0 0 0 1 0 0 0 0 0 0 0 0 0 0 0 0 0 0 0 0      0 0 0 0 0 0 0 0 0 0 0 0 0 0 0 0 1 0 0 0      107.44      89.11      151.24        
0 0 0 0 0 0 0 0 0 0 0 0 0 0 0 0 0 0 0 1      0 0 0 1 0 0 0 0 0 0 0 0 0 0 0 0 0 0 0 0      0 0 0 0 0 0 0 0 0 0 0 0 0 0 0 0 1 0 0 0      0 0 0 0 0 0 0 0 0 0 0 0 0 0 0 0 0 0 0 1      89.11      104.35      48.59        
0 0 0 1 0 0 0 0 0 0 0 0 0 0 0 0 0 0 0 0      0 0 0 0 0 0 0 0 0 0 0 0 0 0 0 0 1 0 0 0      0 0 0 0 0 0 0 0 0 0 0 0 0 0 0 0 0 0 0 1      0 0 0 0 0 0 0 0 0 0 0 0 0 0 0 0 0 0 0 1      104.35      103.96      6.82        
0 0 0 0 0 0 0 0 0 0 0 0 0 0 0 0 1 0 0 0      0 0 0 0 0 0 0 0 0 0 0 0 0 0 0 0 0 0 0 1      0 0 0 0 0 0 0 0 0 0 0 0 0 0 0 0 0 0 0 1      0 0 0 0 0 0 0 0 0 0 0 0 0 0 0 0 1 0 0 0      103.96      92.98      123.56        
0 0 0 0 0 0 0 0 0 0 0 0 0 0 0 0 0 0 0 1      0 0 0 0 0 0 0 0 0 0 0 0 0 0 0 0 0 0 0 1      0 0 0 0 0 0 0 0 0 0 0 0 0 0 0 0 1 0 0 0      0 0 0 0 0 0 0 0 0 0 1 0 0 0 0 0 0 0 0 0      92.98      115.45      150.94        
0 0 0 0 0 0 0 0 0 0 0 0 0 0 0 0 0 0 0 1      0 0 0 0 0 0 0 0 0 0 0 0 0 0 0 0 1 0 0 0      0 0 0 0 0 0 0 0 0 0 1 0 0 0 0 0 0 0 0 0      0 0 0 0 0 0 0 0 0 0 0 0 1 0 0 0 0 0 0 0      115.45      111.2      115.89        
0 0 0 0 0 0 0 0 0 0 0 0 0 0 0 0 1 0 0 0      0 0 0 0 0 0 0 0 0 0 1 0 0 0 0 0 0 0 0 0      0 0 0 0 0 0 0 0 0 0 0 0 1 0 0 0 0 0 0 0      0 0 0 0 0 0 0 0 0 0 0 0 0 1 0 0 0 0 0 0      111.2      133.05      163.83        
0 0 0 0 0 0 0 0 0 0 1 0 0 0 0 0 0 0 0 0      0 0 0 0 0 0 0 0 0 0 0 0 1 0 0 0 0 0 0 0      0 0 0 0 0 0 0 0 0 0 0 0 0 1 0 0 0 0 0 0      0 0 0 0 0 0 0 0 0 0 0 0 0 0 0 1 0 0 0 0      133.05      116.94      116.86        
0 0 0 0 0 0 0 0 0 0 0 0 1 0 0 0 0 0 0 0      0 0 0 0 0 0 0 0 0 0 0 0 0 1 0 0 0 0 0 0      0 0 0 0 0 0 0 0 0 0 0 0 0 0 0 1 0 0 0 0      1 0 0 0 0 0 0 0 0 0 0 0 0 0 0 0 0 0 0 0      116.94      92.5      114.39        
0 0 0 0 0 0 0 0 0 0 0 0 0 1 0 0 0 0 0 0      0 0 0 0 0 0 0 0 0 0 0 0 0 0 0 1 0 0 0 0      1 0 0 0 0 0 0 0 0 0 0 0 0 0 0 0 0 0 0 0      0 0 0 0 1 0 0 0 0 0 0 0 0 0 0 0 0 0 0 0      92.5      90.41      60.8        
0 0 0 0 0 0 0 0 0 0 0 0 0 0 0 1 0 0 0 0      1 0 0 0 0 0 0 0 0 0 0 0 0 0 0 0 0 0 0 0      0 0 0 0 1 0 0 0 0 0 0 0 0 0 0 0 0 0 0 0      0 0 0 0 0 0 0 0 0 0 1 0 0 0 0 0 0 0 0 0      90.41      113.8      96.13        
1 0 0 0 0 0 0 0 0 0 0 0 0 0 0 0 0 0 0 0      0 0 0 0 1 0 0 0 0 0 0 0 0 0 0 0 0 0 0 0      0 0 0 0 0 0 0 0 0 0 1 0 0 0 0 0 0 0 0 0      0 0 0 0 0 0 0 0 0 0 0 0 0 0 1 0 0 0 0 0      113.8      90.21      176.31        
0 0 0 0 1 0 0 0 0 0 0 0 0 0 0 0 0 0 0 0      0 0 0 0 0 0 0 0 0 0 1 0 0 0 0 0 0 0 0 0      0 0 0 0 0 0 0 0 0 0 0 0 0 0 1 0 0 0 0 0      0 0 0 0 0 0 0 0 0 0 0 0 0 0 0 0 0 0 0 1      90.21      132.46      38.22        
0 0 0 0 0 0 0 0 0 0 1 0 0 0 0 0 0 0 0 0      0 0 0 0 0 0 0 0 0 0 0 0 0 0 1 0 0 0 0 0      0 0 0 0 0 0 0 0 0 0 0 0 0 0 0 0 0 0 0 1      0 0 0 0 0 0 0 0 0 0 0 0 0 0 0 0 1 0 0 0      132.46      109.01      88.27        
0 0 0 0 0 0 0 0 0 0 0 0 0 0 1 0 0 0 0 0      0 0 0 0 0 0 0 0 0 0 0 0 0 0 0 0 0 0 0 1      0 0 0 0 0 0 0 0 0 0 0 0 0 0 0 0 1 0 0 0      0 0 0 0 0 0 0 0 0 0 1 0 0 0 0 0 0 0 0 0      109.01      88.35      141.79        
0 0 0 0 0 0 0 0 0 0 0 0 0 0 0 0 0 0 0 1      0 0 0 0 0 0 0 0 0 0 0 0 0 0 0 0 1 0 0 0      0 0 0 0 0 0 0 0 0 0 1 0 0 0 0 0 0 0 0 0      0 0 0 0 0 0 0 0 0 0 0 0 0 0 0 0 0 0 0 1      88.35      108.78      35.79        
0 0 0 0 0 0 0 0 0 0 0 0 0 0 0 0 1 0 0 0      0 0 0 0 0 0 0 0 0 0 1 0 0 0 0 0 0 0 0 0      0 0 0 0 0 0 0 0 0 0 0 0 0 0 0 0 0 0 0 1      0 0 1 0 0 0 0 0 0 0 0 0 0 0 0 0 0 0 0 0      108.78      100.85      18.23        
0 0 0 0 0 0 0 0 0 0 1 0 0 0 0 0 0 0 0 0      0 0 0 0 0 0 0 0 0 0 0 0 0 0 0 0 0 0 0 1      0 0 1 0 0 0 0 0 0 0 0 0 0 0 0 0 0 0 0 0      0 0 0 0 0 0 0 0 0 0 1 0 0 0 0 0 0 0 0 0      100.85      91.66      127.39        
0 0 0 0 0 0 0 0 0 0 0 0 0 0 0 0 0 0 0 1      0 0 1 0 0 0 0 0 0 0 0 0 0 0 0 0 0 0 0 0      0 0 0 0 0 0 0 0 0 0 1 0 0 0 0 0 0 0 0 0      1 0 0 0 0 0 0 0 0 0 0 0 0 0 0 0 0 0 0 0      91.66      118.14      140.14        
0 0 1 0 0 0 0 0 0 0 0 0 0 0 0 0 0 0 0 0      0 0 0 0 0 0 0 0 0 0 1 0 0 0 0 0 0 0 0 0      1 0 0 0 0 0 0 0 0 0 0 0 0 0 0 0 0 0 0 0      0 0 0 0 0 0 0 0 0 0 0 0 0 1 0 0 0 0 0 0      118.14      130.13      118.99        
