0 0 0 0 0 0 0 0 0 0 0 0 0 1 0 0 0 0 0 0      0 1 0 0 0 0 0 0 0 0 0 0 0 0 0 0 0 0 0 0      0 0 0 0 0 0 0 0 0 0 1 0 0 0 0 0 0 0 0 0      1 0 0 0 0 0 0 0 0 0 0 0 0 0 0 0 0 0 0 0      104.54      120.18      147.96        
0 1 0 0 0 0 0 0 0 0 0 0 0 0 0 0 0 0 0 0      0 0 0 0 0 0 0 0 0 0 1 0 0 0 0 0 0 0 0 0      1 0 0 0 0 0 0 0 0 0 0 0 0 0 0 0 0 0 0 0      1 0 0 0 0 0 0 0 0 0 0 0 0 0 0 0 0 0 0 0      120.18      90.48      99.88        
0 0 0 0 0 0 0 0 0 0 1 0 0 0 0 0 0 0 0 0      1 0 0 0 0 0 0 0 0 0 0 0 0 0 0 0 0 0 0 0      1 0 0 0 0 0 0 0 0 0 0 0 0 0 0 0 0 0 0 0      0 0 0 0 0 1 0 0 0 0 0 0 0 0 0 0 0 0 0 0      90.48      92.79      51.84        
1 0 0 0 0 0 0 0 0 0 0 0 0 0 0 0 0 0 0 0      1 0 0 0 0 0 0 0 0 0 0 0 0 0 0 0 0 0 0 0      0 0 0 0 0 1 0 0 0 0 0 0 0 0 0 0 0 0 0 0      0 0 0 0 0 1 0 0 0 0 0 0 0 0 0 0 0 0 0 0      92.79      90.76      49.05        
1 0 0 0 0 0 0 0 0 0 0 0 0 0 0 0 0 0 0 0      0 0 0 0 0 1 0 0 0 0 0 0 0 0 0 0 0 0 0 0      0 0 0 0 0 1 0 0 0 0 0 0 0 0 0 0 0 0 0 0      0 0 0 0 0 0 1 0 0 0 0 0 0 0 0 0 0 0 0 0      90.76      87.5      49.6        
0 0 0 0 0 1 0 0 0 0 0 0 0 0 0 0 0 0 0 0      0 0 0 0 0 1 0 0 0 0 0 0 0 0 0 0 0 0 0 0      0 0 0 0 0 0 1 0 0 0 0 0 0 0 0 0 0 0 0 0      0 0 0 0 0 0 0 0 1 0 0 0 0 0 0 0 0 0 0 0      87.5      90.77      49.25        
0 0 0 0 0 1 0 0 0 0 0 0 0 0 0 0 0 0 0 0      0 0 0 0 0 0 1 0 0 0 0 0 0 0 0 0 0 0 0 0      0 0 0 0 0 0 0 0 1 0 0 0 0 0 0 0 0 0 0 0      0 0 0 0 0 0 0 0 1 0 0 0 0 0 0 0 0 0 0 0      90.77      91.15      55.12        
0 0 0 0 0 0 1 0 0 0 0 0 0 0 0 0 0 0 0 0      0 0 0 0 0 0 0 0 1 0 0 0 0 0 0 0 0 0 0 0      0 0 0 0 0 0 0 0 1 0 0 0 0 0 0 0 0 0 0 0      0 0 0 0 0 0 0 0 0 0 0 0 0 0 0 1 0 0 0 0      91.15      94.16      47.55        
0 0 0 0 0 0 0 0 1 0 0 0 0 0 0 0 0 0 0 0      0 0 0 0 0 0 0 0 1 0 0 0 0 0 0 0 0 0 0 0      0 0 0 0 0 0 0 0 0 0 0 0 0 0 0 1 0 0 0 0      0 0 0 0 0 0 0 0 1 0 0 0 0 0 0 0 0 0 0 0      94.16      91.96      49.46        
0 0 0 0 0 0 0 0 1 0 0 0 0 0 0 0 0 0 0 0      0 0 0 0 0 0 0 0 0 0 0 0 0 0 0 1 0 0 0 0      0 0 0 0 0 0 0 0 1 0 0 0 0 0 0 0 0 0 0 0      0 1 0 0 0 0 0 0 0 0 0 0 0 0 0 0 0 0 0 0      91.96      92.6      49.31        
0 0 0 0 0 0 0 0 0 0 0 0 0 0 0 1 0 0 0 0      0 0 0 0 0 0 0 0 1 0 0 0 0 0 0 0 0 0 0 0      0 1 0 0 0 0 0 0 0 0 0 0 0 0 0 0 0 0 0 0      0 1 0 0 0 0 0 0 0 0 0 0 0 0 0 0 0 0 0 0      92.6      93.02      45.8        
0 0 0 0 0 0 0 0 1 0 0 0 0 0 0 0 0 0 0 0      0 1 0 0 0 0 0 0 0 0 0 0 0 0 0 0 0 0 0 0      0 1 0 0 0 0 0 0 0 0 0 0 0 0 0 0 0 0 0 0      0 0 0 0 1 0 0 0 0 0 0 0 0 0 0 0 0 0 0 0      93.02      90.44      52.29        
0 1 0 0 0 0 0 0 0 0 0 0 0 0 0 0 0 0 0 0      0 1 0 0 0 0 0 0 0 0 0 0 0 0 0 0 0 0 0 0      0 0 0 0 1 0 0 0 0 0 0 0 0 0 0 0 0 0 0 0      0 0 0 0 0 0 0 0 0 0 0 0 0 0 0 1 0 0 0 0      90.44      92.41      43.92        
0 1 0 0 0 0 0 0 0 0 0 0 0 0 0 0 0 0 0 0      0 0 0 0 1 0 0 0 0 0 0 0 0 0 0 0 0 0 0 0      0 0 0 0 0 0 0 0 0 0 0 0 0 0 0 1 0 0 0 0      0 0 0 0 0 0 1 0 0 0 0 0 0 0 0 0 0 0 0 0      92.41      89.31      53.93        
0 0 0 0 1 0 0 0 0 0 0 0 0 0 0 0 0 0 0 0      0 0 0 0 0 0 0 0 0 0 0 0 0 0 0 1 0 0 0 0      0 0 0 0 0 0 1 0 0 0 0 0 0 0 0 0 0 0 0 0      0 0 0 0 0 0 1 0 0 0 0 0 0 0 0 0 0 0 0 0      89.31      92.8      46.63        
0 0 0 0 0 0 0 0 0 0 0 0 0 0 0 1 0 0 0 0      0 0 0 0 0 0 1 0 0 0 0 0 0 0 0 0 0 0 0 0      0 0 0 0 0 0 1 0 0 0 0 0 0 0 0 0 0 0 0 0      0 0 0 0 0 0 0 0 0 0 0 0 0 1 0 0 0 0 0 0      92.8      88.6      53.01        
0 0 0 0 0 0 1 0 0 0 0 0 0 0 0 0 0 0 0 0      0 0 0 0 0 0 1 0 0 0 0 0 0 0 0 0 0 0 0 0      0 0 0 0 0 0 0 0 0 0 0 0 0 1 0 0 0 0 0 0      0 0 1 0 0 0 0 0 0 0 0 0 0 0 0 0 0 0 0 0      88.6      93.08      51.15        
0 0 0 0 0 0 1 0 0 0 0 0 0 0 0 0 0 0 0 0      0 0 0 0 0 0 0 0 0 0 0 0 0 1 0 0 0 0 0 0      0 0 1 0 0 0 0 0 0 0 0 0 0 0 0 0 0 0 0 0      0 0 0 0 0 0 0 0 0 0 0 1 0 0 0 0 0 0 0 0      93.08      104.61      36.63        
0 0 0 0 0 0 0 0 0 0 0 0 0 1 0 0 0 0 0 0      0 0 1 0 0 0 0 0 0 0 0 0 0 0 0 0 0 0 0 0      0 0 0 0 0 0 0 0 0 0 0 1 0 0 0 0 0 0 0 0      0 0 0 0 1 0 0 0 0 0 0 0 0 0 0 0 0 0 0 0      104.61      116.63      66.48        
0 0 1 0 0 0 0 0 0 0 0 0 0 0 0 0 0 0 0 0      0 0 0 0 0 0 0 0 0 0 0 1 0 0 0 0 0 0 0 0      0 0 0 0 1 0 0 0 0 0 0 0 0 0 0 0 0 0 0 0      0 0 0 1 0 0 0 0 0 0 0 0 0 0 0 0 0 0 0 0      116.63      107.02      164.52        
0 0 0 0 0 0 0 0 0 0 0 1 0 0 0 0 0 0 0 0      0 0 0 0 1 0 0 0 0 0 0 0 0 0 0 0 0 0 0 0      0 0 0 1 0 0 0 0 0 0 0 0 0 0 0 0 0 0 0 0      0 0 1 0 0 0 0 0 0 0 0 0 0 0 0 0 0 0 0 0      107.02      88.93      166.67        
0 0 0 0 1 0 0 0 0 0 0 0 0 0 0 0 0 0 0 0      0 0 0 1 0 0 0 0 0 0 0 0 0 0 0 0 0 0 0 0      0 0 1 0 0 0 0 0 0 0 0 0 0 0 0 0 0 0 0 0      0 0 0 0 0 0 0 0 0 0 0 1 0 0 0 0 0 0 0 0      88.93      89.77      62.18        
0 0 0 1 0 0 0 0 0 0 0 0 0 0 0 0 0 0 0 0      0 0 1 0 0 0 0 0 0 0 0 0 0 0 0 0 0 0 0 0      0 0 0 0 0 0 0 0 0 0 0 1 0 0 0 0 0 0 0 0      0 0 0 0 0 0 0 0 0 0 0 0 0 0 0 1 0 0 0 0      89.77      91.06      147.93        
0 0 1 0 0 0 0 0 0 0 0 0 0 0 0 0 0 0 0 0      0 0 0 0 0 0 0 0 0 0 0 1 0 0 0 0 0 0 0 0      0 0 0 0 0 0 0 0 0 0 0 0 0 0 0 1 0 0 0 0      0 0 0 0 1 0 0 0 0 0 0 0 0 0 0 0 0 0 0 0      91.06      95.66      155.21        
0 0 0 0 0 0 0 0 0 0 0 1 0 0 0 0 0 0 0 0      0 0 0 0 0 0 0 0 0 0 0 0 0 0 0 1 0 0 0 0      0 0 0 0 1 0 0 0 0 0 0 0 0 0 0 0 0 0 0 0      0 0 0 0 0 0 0 1 0 0 0 0 0 0 0 0 0 0 0 0      95.66      94.54      62.29        
0 0 0 0 0 0 0 0 0 0 0 0 0 0 0 1 0 0 0 0      0 0 0 0 1 0 0 0 0 0 0 0 0 0 0 0 0 0 0 0      0 0 0 0 0 0 0 1 0 0 0 0 0 0 0 0 0 0 0 0      0 0 0 0 0 0 0 0 0 0 0 0 0 0 1 0 0 0 0 0      94.54      85.96      86.99        
0 0 0 0 1 0 0 0 0 0 0 0 0 0 0 0 0 0 0 0      0 0 0 0 0 0 0 1 0 0 0 0 0 0 0 0 0 0 0 0      0 0 0 0 0 0 0 0 0 0 0 0 0 0 1 0 0 0 0 0      0 0 0 0 1 0 0 0 0 0 0 0 0 0 0 0 0 0 0 0      85.96      90.83      68.81        
0 0 0 0 0 0 0 1 0 0 0 0 0 0 0 0 0 0 0 0      0 0 0 0 0 0 0 0 0 0 0 0 0 0 1 0 0 0 0 0      0 0 0 0 1 0 0 0 0 0 0 0 0 0 0 0 0 0 0 0      0 0 0 0 0 0 0 1 0 0 0 0 0 0 0 0 0 0 0 0      90.83      91.59      59.44        
0 0 0 0 0 0 0 0 0 0 0 0 0 0 1 0 0 0 0 0      0 0 0 0 1 0 0 0 0 0 0 0 0 0 0 0 0 0 0 0      0 0 0 0 0 0 0 1 0 0 0 0 0 0 0 0 0 0 0 0      0 0 0 0 0 0 0 0 0 0 0 0 0 0 1 0 0 0 0 0      91.59      122.69      94.92        
0 0 0 0 1 0 0 0 0 0 0 0 0 0 0 0 0 0 0 0      0 0 0 0 0 0 0 1 0 0 0 0 0 0 0 0 0 0 0 0      0 0 0 0 0 0 0 0 0 0 0 0 0 0 1 0 0 0 0 0      0 0 0 1 0 0 0 0 0 0 0 0 0 0 0 0 0 0 0 0      122.69      104.5      85.36        
0 0 0 0 0 0 0 1 0 0 0 0 0 0 0 0 0 0 0 0      0 0 0 0 0 0 0 0 0 0 0 0 0 0 1 0 0 0 0 0      0 0 0 1 0 0 0 0 0 0 0 0 0 0 0 0 0 0 0 0      0 0 0 1 0 0 0 0 0 0 0 0 0 0 0 0 0 0 0 0      104.5      117.69      90.15        
0 0 0 0 0 0 0 0 0 0 0 0 0 0 1 0 0 0 0 0      0 0 0 1 0 0 0 0 0 0 0 0 0 0 0 0 0 0 0 0      0 0 0 1 0 0 0 0 0 0 0 0 0 0 0 0 0 0 0 0      0 0 0 0 0 0 0 0 0 0 0 0 0 0 0 0 1 0 0 0      117.69      115.23      115.06        
0 0 0 1 0 0 0 0 0 0 0 0 0 0 0 0 0 0 0 0      0 0 0 1 0 0 0 0 0 0 0 0 0 0 0 0 0 0 0 0      0 0 0 0 0 0 0 0 0 0 0 0 0 0 0 0 1 0 0 0      0 0 0 0 0 0 0 0 0 0 0 0 0 0 1 0 0 0 0 0      115.23      117.76      152.37        
0 0 0 1 0 0 0 0 0 0 0 0 0 0 0 0 0 0 0 0      0 0 0 0 0 0 0 0 0 0 0 0 0 0 0 0 1 0 0 0      0 0 0 0 0 0 0 0 0 0 0 0 0 0 1 0 0 0 0 0      0 0 0 1 0 0 0 0 0 0 0 0 0 0 0 0 0 0 0 0      117.76      78.52      124.74        
0 0 0 0 0 0 0 0 0 0 0 0 0 0 0 0 1 0 0 0      0 0 0 0 0 0 0 0 0 0 0 0 0 0 1 0 0 0 0 0      0 0 0 1 0 0 0 0 0 0 0 0 0 0 0 0 0 0 0 0      0 1 0 0 0 0 0 0 0 0 0 0 0 0 0 0 0 0 0 0      78.52      67.4      62.22        
0 0 0 0 0 0 0 0 0 0 0 0 0 0 1 0 0 0 0 0      0 0 0 1 0 0 0 0 0 0 0 0 0 0 0 0 0 0 0 0      0 1 0 0 0 0 0 0 0 0 0 0 0 0 0 0 0 0 0 0      0 0 0 0 0 0 0 0 0 0 1 0 0 0 0 0 0 0 0 0      67.4      93.21      33.17        
0 0 0 1 0 0 0 0 0 0 0 0 0 0 0 0 0 0 0 0      0 1 0 0 0 0 0 0 0 0 0 0 0 0 0 0 0 0 0 0      0 0 0 0 0 0 0 0 0 0 1 0 0 0 0 0 0 0 0 0      0 0 0 0 0 0 0 0 0 1 0 0 0 0 0 0 0 0 0 0      93.21      90.86      159.9        
0 1 0 0 0 0 0 0 0 0 0 0 0 0 0 0 0 0 0 0      0 0 0 0 0 0 0 0 0 0 1 0 0 0 0 0 0 0 0 0      0 0 0 0 0 0 0 0 0 1 0 0 0 0 0 0 0 0 0 0      0 1 0 0 0 0 0 0 0 0 0 0 0 0 0 0 0 0 0 0      90.86      94.91      52.83        
0 0 0 0 0 0 0 0 0 0 1 0 0 0 0 0 0 0 0 0      0 0 0 0 0 0 0 0 0 1 0 0 0 0 0 0 0 0 0 0      0 1 0 0 0 0 0 0 0 0 0 0 0 0 0 0 0 0 0 0      0 0 0 1 0 0 0 0 0 0 0 0 0 0 0 0 0 0 0 0      94.91      98.44      90.48        
0 0 0 0 0 0 0 0 0 1 0 0 0 0 0 0 0 0 0 0      0 1 0 0 0 0 0 0 0 0 0 0 0 0 0 0 0 0 0 0      0 0 0 1 0 0 0 0 0 0 0 0 0 0 0 0 0 0 0 0      0 0 0 0 0 0 1 0 0 0 0 0 0 0 0 0 0 0 0 0      98.44      90.68      48.73        
0 1 0 0 0 0 0 0 0 0 0 0 0 0 0 0 0 0 0 0      0 0 0 1 0 0 0 0 0 0 0 0 0 0 0 0 0 0 0 0      0 0 0 0 0 0 1 0 0 0 0 0 0 0 0 0 0 0 0 0      0 1 0 0 0 0 0 0 0 0 0 0 0 0 0 0 0 0 0 0      90.68      98.74      44.06        
0 0 0 1 0 0 0 0 0 0 0 0 0 0 0 0 0 0 0 0      0 0 0 0 0 0 1 0 0 0 0 0 0 0 0 0 0 0 0 0      0 1 0 0 0 0 0 0 0 0 0 0 0 0 0 0 0 0 0 0      0 0 0 0 0 0 0 0 0 0 0 0 0 0 0 1 0 0 0 0      98.74      90.61      41.59        
0 0 0 0 0 0 1 0 0 0 0 0 0 0 0 0 0 0 0 0      0 1 0 0 0 0 0 0 0 0 0 0 0 0 0 0 0 0 0 0      0 0 0 0 0 0 0 0 0 0 0 0 0 0 0 1 0 0 0 0      0 0 0 0 1 0 0 0 0 0 0 0 0 0 0 0 0 0 0 0      90.61      88.6      59.42        
0 1 0 0 0 0 0 0 0 0 0 0 0 0 0 0 0 0 0 0      0 0 0 0 0 0 0 0 0 0 0 0 0 0 0 1 0 0 0 0      0 0 0 0 1 0 0 0 0 0 0 0 0 0 0 0 0 0 0 0      0 1 0 0 0 0 0 0 0 0 0 0 0 0 0 0 0 0 0 0      88.6      92.4      42.98        
0 0 0 0 0 0 0 0 0 0 0 0 0 0 0 1 0 0 0 0      0 0 0 0 1 0 0 0 0 0 0 0 0 0 0 0 0 0 0 0      0 1 0 0 0 0 0 0 0 0 0 0 0 0 0 0 0 0 0 0      0 0 0 0 0 0 0 0 0 0 0 0 0 0 0 0 1 0 0 0      92.4      91.23      50.97        
0 0 0 0 1 0 0 0 0 0 0 0 0 0 0 0 0 0 0 0      0 1 0 0 0 0 0 0 0 0 0 0 0 0 0 0 0 0 0 0      0 0 0 0 0 0 0 0 0 0 0 0 0 0 0 0 1 0 0 0      0 0 0 0 0 0 0 0 0 0 1 0 0 0 0 0 0 0 0 0      91.23      89.92      45.53        
0 1 0 0 0 0 0 0 0 0 0 0 0 0 0 0 0 0 0 0      0 0 0 0 0 0 0 0 0 0 0 0 0 0 0 0 1 0 0 0      0 0 0 0 0 0 0 0 0 0 1 0 0 0 0 0 0 0 0 0      0 0 0 0 0 0 0 0 0 0 0 1 0 0 0 0 0 0 0 0      89.92      89.99      52.03        
0 0 0 0 0 0 0 0 0 0 0 0 0 0 0 0 1 0 0 0      0 0 0 0 0 0 0 0 0 0 1 0 0 0 0 0 0 0 0 0      0 0 0 0 0 0 0 0 0 0 0 1 0 0 0 0 0 0 0 0      0 0 0 0 0 0 0 0 0 0 1 0 0 0 0 0 0 0 0 0      89.99      89.93      47.2        
0 0 0 0 0 0 0 0 0 0 1 0 0 0 0 0 0 0 0 0      0 0 0 0 0 0 0 0 0 0 0 1 0 0 0 0 0 0 0 0      0 0 0 0 0 0 0 0 0 0 1 0 0 0 0 0 0 0 0 0      0 0 0 0 0 0 0 0 1 0 0 0 0 0 0 0 0 0 0 0      89.93      92.83      52.09        
0 0 0 0 0 0 0 0 0 0 0 1 0 0 0 0 0 0 0 0      0 0 0 0 0 0 0 0 0 0 1 0 0 0 0 0 0 0 0 0      0 0 0 0 0 0 0 0 1 0 0 0 0 0 0 0 0 0 0 0      0 0 0 0 0 1 0 0 0 0 0 0 0 0 0 0 0 0 0 0      92.83      88.83      56.5        
0 0 0 0 0 0 0 0 0 0 1 0 0 0 0 0 0 0 0 0      0 0 0 0 0 0 0 0 1 0 0 0 0 0 0 0 0 0 0 0      0 0 0 0 0 1 0 0 0 0 0 0 0 0 0 0 0 0 0 0      0 0 0 0 0 0 0 0 0 0 0 0 0 1 0 0 0 0 0 0      88.83      90.28      51.23        
0 0 0 0 0 0 0 0 1 0 0 0 0 0 0 0 0 0 0 0      0 0 0 0 0 1 0 0 0 0 0 0 0 0 0 0 0 0 0 0      0 0 0 0 0 0 0 0 0 0 0 0 0 1 0 0 0 0 0 0      0 0 0 0 0 0 0 0 0 0 0 0 0 0 0 0 1 0 0 0      90.28      93.76      47.47        
0 0 0 0 0 1 0 0 0 0 0 0 0 0 0 0 0 0 0 0      0 0 0 0 0 0 0 0 0 0 0 0 0 1 0 0 0 0 0 0      0 0 0 0 0 0 0 0 0 0 0 0 0 0 0 0 1 0 0 0      0 0 0 0 0 0 0 0 1 0 0 0 0 0 0 0 0 0 0 0      93.76      89.46      52.29        
0 0 0 0 0 0 0 0 0 0 0 0 0 1 0 0 0 0 0 0      0 0 0 0 0 0 0 0 0 0 0 0 0 0 0 0 1 0 0 0      0 0 0 0 0 0 0 0 1 0 0 0 0 0 0 0 0 0 0 0      0 0 0 0 0 0 0 0 0 0 0 0 0 0 0 0 0 1 0 0      89.46      90.26      50.62        
0 0 0 0 0 0 0 0 0 0 0 0 0 0 0 0 1 0 0 0      0 0 0 0 0 0 0 0 1 0 0 0 0 0 0 0 0 0 0 0      0 0 0 0 0 0 0 0 0 0 0 0 0 0 0 0 0 1 0 0      0 0 0 0 0 0 0 1 0 0 0 0 0 0 0 0 0 0 0 0      90.26      87.89      53.62        
0 0 0 0 0 0 0 0 1 0 0 0 0 0 0 0 0 0 0 0      0 0 0 0 0 0 0 0 0 0 0 0 0 0 0 0 0 1 0 0      0 0 0 0 0 0 0 1 0 0 0 0 0 0 0 0 0 0 0 0      0 0 0 0 0 0 0 0 0 0 0 0 0 0 0 1 0 0 0 0      87.89      95.6      46.03        
0 0 0 0 0 0 0 0 0 0 0 0 0 0 0 0 0 1 0 0      0 0 0 0 0 0 0 1 0 0 0 0 0 0 0 0 0 0 0 0      0 0 0 0 0 0 0 0 0 0 0 0 0 0 0 1 0 0 0 0      0 0 0 0 0 0 0 0 0 0 0 0 0 1 0 0 0 0 0 0      95.6      93.09      53.43        
0 0 0 0 0 0 0 1 0 0 0 0 0 0 0 0 0 0 0 0      0 0 0 0 0 0 0 0 0 0 0 0 0 0 0 1 0 0 0 0      0 0 0 0 0 0 0 0 0 0 0 0 0 1 0 0 0 0 0 0      0 0 0 0 0 0 0 0 0 1 0 0 0 0 0 0 0 0 0 0      93.09      88.46      59.34        
0 0 0 0 0 0 0 0 0 0 0 0 0 0 0 1 0 0 0 0      0 0 0 0 0 0 0 0 0 0 0 0 0 1 0 0 0 0 0 0      0 0 0 0 0 0 0 0 0 1 0 0 0 0 0 0 0 0 0 0      0 0 0 0 0 0 0 0 1 0 0 0 0 0 0 0 0 0 0 0      88.46      94.29      52.58        
0 0 0 0 0 0 0 0 0 0 0 0 0 1 0 0 0 0 0 0      0 0 0 0 0 0 0 0 0 1 0 0 0 0 0 0 0 0 0 0      0 0 0 0 0 0 0 0 1 0 0 0 0 0 0 0 0 0 0 0      0 0 0 1 0 0 0 0 0 0 0 0 0 0 0 0 0 0 0 0      94.29      103.5      113.94        
0 0 0 0 0 0 0 0 0 1 0 0 0 0 0 0 0 0 0 0      0 0 0 0 0 0 0 0 1 0 0 0 0 0 0 0 0 0 0 0      0 0 0 1 0 0 0 0 0 0 0 0 0 0 0 0 0 0 0 0      0 0 0 0 0 0 0 0 0 0 0 0 0 0 0 0 0 1 0 0      103.5      105.34      109.06        
0 0 0 0 0 0 0 0 1 0 0 0 0 0 0 0 0 0 0 0      0 0 0 1 0 0 0 0 0 0 0 0 0 0 0 0 0 0 0 0      0 0 0 0 0 0 0 0 0 0 0 0 0 0 0 0 0 1 0 0      0 0 0 0 0 0 0 1 0 0 0 0 0 0 0 0 0 0 0 0      105.34      97.87      14.05        
0 0 0 1 0 0 0 0 0 0 0 0 0 0 0 0 0 0 0 0      0 0 0 0 0 0 0 0 0 0 0 0 0 0 0 0 0 1 0 0      0 0 0 0 0 0 0 1 0 0 0 0 0 0 0 0 0 0 0 0      0 0 0 0 0 0 0 0 0 0 0 0 0 0 1 0 0 0 0 0      97.87      92.31      102.29        
0 0 0 0 0 0 0 0 0 0 0 0 0 0 0 0 0 1 0 0      0 0 0 0 0 0 0 1 0 0 0 0 0 0 0 0 0 0 0 0      0 0 0 0 0 0 0 0 0 0 0 0 0 0 1 0 0 0 0 0      0 0 0 0 1 0 0 0 0 0 0 0 0 0 0 0 0 0 0 0      92.31      89.63      54.64        
0 0 0 0 0 0 0 1 0 0 0 0 0 0 0 0 0 0 0 0      0 0 0 0 0 0 0 0 0 0 0 0 0 0 1 0 0 0 0 0      0 0 0 0 1 0 0 0 0 0 0 0 0 0 0 0 0 0 0 0      0 1 0 0 0 0 0 0 0 0 0 0 0 0 0 0 0 0 0 0      89.63      89.17      66.46        
0 0 0 0 0 0 0 0 0 0 0 0 0 0 1 0 0 0 0 0      0 0 0 0 1 0 0 0 0 0 0 0 0 0 0 0 0 0 0 0      0 1 0 0 0 0 0 0 0 0 0 0 0 0 0 0 0 0 0 0      0 0 1 0 0 0 0 0 0 0 0 0 0 0 0 0 0 0 0 0      89.17      119.54      89.53        
0 0 0 0 1 0 0 0 0 0 0 0 0 0 0 0 0 0 0 0      0 1 0 0 0 0 0 0 0 0 0 0 0 0 0 0 0 0 0 0      0 0 1 0 0 0 0 0 0 0 0 0 0 0 0 0 0 0 0 0      0 0 0 0 0 0 0 0 0 0 1 0 0 0 0 0 0 0 0 0      119.54      123.96      95.4        
0 1 0 0 0 0 0 0 0 0 0 0 0 0 0 0 0 0 0 0      0 0 1 0 0 0 0 0 0 0 0 0 0 0 0 0 0 0 0 0      0 0 0 0 0 0 0 0 0 0 1 0 0 0 0 0 0 0 0 0      0 0 0 0 1 0 0 0 0 0 0 0 0 0 0 0 0 0 0 0      123.96      92.77      105.14        
0 0 1 0 0 0 0 0 0 0 0 0 0 0 0 0 0 0 0 0      0 0 0 0 0 0 0 0 0 0 1 0 0 0 0 0 0 0 0 0      0 0 0 0 1 0 0 0 0 0 0 0 0 0 0 0 0 0 0 0      0 0 0 0 1 0 0 0 0 0 0 0 0 0 0 0 0 0 0 0      92.77      95.47      48.7        
0 0 0 0 0 0 0 0 0 0 1 0 0 0 0 0 0 0 0 0      0 0 0 0 1 0 0 0 0 0 0 0 0 0 0 0 0 0 0 0      0 0 0 0 1 0 0 0 0 0 0 0 0 0 0 0 0 0 0 0      0 0 0 0 0 1 0 0 0 0 0 0 0 0 0 0 0 0 0 0      95.47      91.26      47.61        
0 0 0 0 1 0 0 0 0 0 0 0 0 0 0 0 0 0 0 0      0 0 0 0 1 0 0 0 0 0 0 0 0 0 0 0 0 0 0 0      0 0 0 0 0 1 0 0 0 0 0 0 0 0 0 0 0 0 0 0      0 0 0 0 0 0 0 0 1 0 0 0 0 0 0 0 0 0 0 0      91.26      87.44      52.66        
0 0 0 0 1 0 0 0 0 0 0 0 0 0 0 0 0 0 0 0      0 0 0 0 0 1 0 0 0 0 0 0 0 0 0 0 0 0 0 0      0 0 0 0 0 0 0 0 1 0 0 0 0 0 0 0 0 0 0 0      0 0 0 0 0 0 0 0 0 0 0 0 0 0 0 0 1 0 0 0      87.44      94.26      47.18        
0 0 0 0 0 1 0 0 0 0 0 0 0 0 0 0 0 0 0 0      0 0 0 0 0 0 0 0 1 0 0 0 0 0 0 0 0 0 0 0      0 0 0 0 0 0 0 0 0 0 0 0 0 0 0 0 1 0 0 0      0 1 0 0 0 0 0 0 0 0 0 0 0 0 0 0 0 0 0 0      94.26      92.02      50.51        
0 0 0 0 0 0 0 0 1 0 0 0 0 0 0 0 0 0 0 0      0 0 0 0 0 0 0 0 0 0 0 0 0 0 0 0 1 0 0 0      0 1 0 0 0 0 0 0 0 0 0 0 0 0 0 0 0 0 0 0      0 1 0 0 0 0 0 0 0 0 0 0 0 0 0 0 0 0 0 0      92.02      93.88      49.32        
0 0 0 0 0 0 0 0 0 0 0 0 0 0 0 0 1 0 0 0      0 1 0 0 0 0 0 0 0 0 0 0 0 0 0 0 0 0 0 0      0 1 0 0 0 0 0 0 0 0 0 0 0 0 0 0 0 0 0 0      0 0 0 0 0 0 0 0 0 0 0 0 0 1 0 0 0 0 0 0      93.88      97.38      46.93        
0 1 0 0 0 0 0 0 0 0 0 0 0 0 0 0 0 0 0 0      0 1 0 0 0 0 0 0 0 0 0 0 0 0 0 0 0 0 0 0      0 0 0 0 0 0 0 0 0 0 0 0 0 1 0 0 0 0 0 0      0 0 0 0 0 0 0 0 0 0 1 0 0 0 0 0 0 0 0 0      97.38      91.96      49.48        
0 1 0 0 0 0 0 0 0 0 0 0 0 0 0 0 0 0 0 0      0 0 0 0 0 0 0 0 0 0 0 0 0 1 0 0 0 0 0 0      0 0 0 0 0 0 0 0 0 0 1 0 0 0 0 0 0 0 0 0      0 0 0 0 0 0 0 0 0 0 1 0 0 0 0 0 0 0 0 0      91.96      97.91      42.06        
0 0 0 0 0 0 0 0 0 0 0 0 0 1 0 0 0 0 0 0      0 0 0 0 0 0 0 0 0 0 1 0 0 0 0 0 0 0 0 0      0 0 0 0 0 0 0 0 0 0 1 0 0 0 0 0 0 0 0 0      0 0 0 0 0 0 0 0 0 0 0 0 0 0 0 1 0 0 0 0      97.91      99.49      35.83        
0 0 0 0 0 0 0 0 0 0 1 0 0 0 0 0 0 0 0 0      0 0 0 0 0 0 0 0 0 0 1 0 0 0 0 0 0 0 0 0      0 0 0 0 0 0 0 0 0 0 0 0 0 0 0 1 0 0 0 0      0 0 0 0 0 0 0 0 1 0 0 0 0 0 0 0 0 0 0 0      99.49      96.82      93.86        
0 0 0 0 0 0 0 0 0 0 1 0 0 0 0 0 0 0 0 0      0 0 0 0 0 0 0 0 0 0 0 0 0 0 0 1 0 0 0 0      0 0 0 0 0 0 0 0 1 0 0 0 0 0 0 0 0 0 0 0      1 0 0 0 0 0 0 0 0 0 0 0 0 0 0 0 0 0 0 0      96.82      91.4      40.88        
0 0 0 0 0 0 0 0 0 0 0 0 0 0 0 1 0 0 0 0      0 0 0 0 0 0 0 0 1 0 0 0 0 0 0 0 0 0 0 0      1 0 0 0 0 0 0 0 0 0 0 0 0 0 0 0 0 0 0 0      0 0 0 0 0 0 0 0 0 0 0 0 0 0 0 0 1 0 0 0      91.4      94.55      53.35        
0 0 0 0 0 0 0 0 1 0 0 0 0 0 0 0 0 0 0 0      1 0 0 0 0 0 0 0 0 0 0 0 0 0 0 0 0 0 0 0      0 0 0 0 0 0 0 0 0 0 0 0 0 0 0 0 1 0 0 0      0 0 0 0 0 0 0 0 1 0 0 0 0 0 0 0 0 0 0 0      94.55      91.25      45.37        
1 0 0 0 0 0 0 0 0 0 0 0 0 0 0 0 0 0 0 0      0 0 0 0 0 0 0 0 0 0 0 0 0 0 0 0 1 0 0 0      0 0 0 0 0 0 0 0 1 0 0 0 0 0 0 0 0 0 0 0      0 0 0 0 0 0 0 0 0 1 0 0 0 0 0 0 0 0 0 0      91.25      89.17      53.94        
0 0 0 0 0 0 0 0 0 0 0 0 0 0 0 0 1 0 0 0      0 0 0 0 0 0 0 0 1 0 0 0 0 0 0 0 0 0 0 0      0 0 0 0 0 0 0 0 0 1 0 0 0 0 0 0 0 0 0 0      0 1 0 0 0 0 0 0 0 0 0 0 0 0 0 0 0 0 0 0      89.17      90.45      44.75        
0 0 0 0 0 0 0 0 1 0 0 0 0 0 0 0 0 0 0 0      0 0 0 0 0 0 0 0 0 1 0 0 0 0 0 0 0 0 0 0      0 1 0 0 0 0 0 0 0 0 0 0 0 0 0 0 0 0 0 0      0 0 0 0 0 0 0 0 0 0 0 0 0 0 1 0 0 0 0 0      90.45      95.23      46.42        
0 0 0 0 0 0 0 0 0 1 0 0 0 0 0 0 0 0 0 0      0 1 0 0 0 0 0 0 0 0 0 0 0 0 0 0 0 0 0 0      0 0 0 0 0 0 0 0 0 0 0 0 0 0 1 0 0 0 0 0      0 0 0 0 0 0 0 0 0 0 1 0 0 0 0 0 0 0 0 0      95.23      91.17      45.83        
0 1 0 0 0 0 0 0 0 0 0 0 0 0 0 0 0 0 0 0      0 0 0 0 0 0 0 0 0 0 0 0 0 0 1 0 0 0 0 0      0 0 0 0 0 0 0 0 0 0 1 0 0 0 0 0 0 0 0 0      0 0 0 0 0 0 0 0 0 0 0 0 1 0 0 0 0 0 0 0      91.17      89.11      65.71        
0 0 0 0 0 0 0 0 0 0 0 0 0 0 1 0 0 0 0 0      0 0 0 0 0 0 0 0 0 0 1 0 0 0 0 0 0 0 0 0      0 0 0 0 0 0 0 0 0 0 0 0 1 0 0 0 0 0 0 0      0 0 0 0 0 1 0 0 0 0 0 0 0 0 0 0 0 0 0 0      89.11      85.02      80.58        
0 0 0 0 0 0 0 0 0 0 1 0 0 0 0 0 0 0 0 0      0 0 0 0 0 0 0 0 0 0 0 0 1 0 0 0 0 0 0 0      0 0 0 0 0 1 0 0 0 0 0 0 0 0 0 0 0 0 0 0      0 0 0 0 0 0 0 0 0 0 1 0 0 0 0 0 0 0 0 0      85.02      89.89      70.58        
0 0 0 0 0 0 0 0 0 0 0 0 1 0 0 0 0 0 0 0      0 0 0 0 0 1 0 0 0 0 0 0 0 0 0 0 0 0 0 0      0 0 0 0 0 0 0 0 0 0 1 0 0 0 0 0 0 0 0 0      0 0 0 0 0 0 0 1 0 0 0 0 0 0 0 0 0 0 0 0      89.89      96.75      34.22        
0 0 0 0 0 1 0 0 0 0 0 0 0 0 0 0 0 0 0 0      0 0 0 0 0 0 0 0 0 0 1 0 0 0 0 0 0 0 0 0      0 0 0 0 0 0 0 1 0 0 0 0 0 0 0 0 0 0 0 0      0 0 1 0 0 0 0 0 0 0 0 0 0 0 0 0 0 0 0 0      96.75      117.05      109.46        
0 0 0 0 0 0 0 0 0 0 1 0 0 0 0 0 0 0 0 0      0 0 0 0 0 0 0 1 0 0 0 0 0 0 0 0 0 0 0 0      0 0 1 0 0 0 0 0 0 0 0 0 0 0 0 0 0 0 0 0      0 0 0 0 0 0 0 0 0 1 0 0 0 0 0 0 0 0 0 0      117.05      126.8      160.29        
0 0 0 0 0 0 0 1 0 0 0 0 0 0 0 0 0 0 0 0      0 0 1 0 0 0 0 0 0 0 0 0 0 0 0 0 0 0 0 0      0 0 0 0 0 0 0 0 0 1 0 0 0 0 0 0 0 0 0 0      0 0 0 0 1 0 0 0 0 0 0 0 0 0 0 0 0 0 0 0      126.8      87.89      155.92        
0 0 1 0 0 0 0 0 0 0 0 0 0 0 0 0 0 0 0 0      0 0 0 0 0 0 0 0 0 1 0 0 0 0 0 0 0 0 0 0      0 0 0 0 1 0 0 0 0 0 0 0 0 0 0 0 0 0 0 0      0 0 0 0 1 0 0 0 0 0 0 0 0 0 0 0 0 0 0 0      87.89      90.13      85.91        
0 0 0 0 0 0 0 0 0 1 0 0 0 0 0 0 0 0 0 0      0 0 0 0 1 0 0 0 0 0 0 0 0 0 0 0 0 0 0 0      0 0 0 0 1 0 0 0 0 0 0 0 0 0 0 0 0 0 0 0      0 0 0 0 0 0 0 0 0 1 0 0 0 0 0 0 0 0 0 0      90.13      103.09      6.7        
0 0 0 0 1 0 0 0 0 0 0 0 0 0 0 0 0 0 0 0      0 0 0 0 1 0 0 0 0 0 0 0 0 0 0 0 0 0 0 0      0 0 0 0 0 0 0 0 0 1 0 0 0 0 0 0 0 0 0 0      0 0 0 0 0 0 0 0 0 0 1 0 0 0 0 0 0 0 0 0      103.09      92.6      107.3        
0 0 0 0 1 0 0 0 0 0 0 0 0 0 0 0 0 0 0 0      0 0 0 0 0 0 0 0 0 1 0 0 0 0 0 0 0 0 0 0      0 0 0 0 0 0 0 0 0 0 1 0 0 0 0 0 0 0 0 0      0 0 0 0 0 0 0 0 0 0 0 0 0 0 0 0 0 0 1 0      92.6      139.23      121.0        
0 0 0 0 0 0 0 0 0 1 0 0 0 0 0 0 0 0 0 0      0 0 0 0 0 0 0 0 0 0 1 0 0 0 0 0 0 0 0 0      0 0 0 0 0 0 0 0 0 0 0 0 0 0 0 0 0 0 1 0      0 0 0 0 1 0 0 0 0 0 0 0 0 0 0 0 0 0 0 0      139.23      112.06      109.91        
0 0 0 0 0 0 0 0 0 0 1 0 0 0 0 0 0 0 0 0      0 0 0 0 0 0 0 0 0 0 0 0 0 0 0 0 0 0 1 0      0 0 0 0 1 0 0 0 0 0 0 0 0 0 0 0 0 0 0 0      0 0 0 0 0 0 0 0 0 0 0 0 0 0 0 0 0 0 0 1      112.06      110.4      157.05        
0 0 0 0 0 0 0 0 0 0 0 0 0 0 0 0 0 0 1 0      0 0 0 0 1 0 0 0 0 0 0 0 0 0 0 0 0 0 0 0      0 0 0 0 0 0 0 0 0 0 0 0 0 0 0 0 0 0 0 1      0 0 0 0 0 0 0 0 0 0 0 0 0 0 0 0 0 1 0 0      110.4      100.47      171.27        
0 0 0 0 1 0 0 0 0 0 0 0 0 0 0 0 0 0 0 0      0 0 0 0 0 0 0 0 0 0 0 0 0 0 0 0 0 0 0 1      0 0 0 0 0 0 0 0 0 0 0 0 0 0 0 0 0 1 0 0      0 0 0 0 0 0 0 0 0 0 1 0 0 0 0 0 0 0 0 0      100.47      109.65      76.89        
0 0 0 0 0 0 0 0 0 0 0 0 0 0 0 0 0 0 0 1      0 0 0 0 0 0 0 0 0 0 0 0 0 0 0 0 0 1 0 0      0 0 0 0 0 0 0 0 0 0 1 0 0 0 0 0 0 0 0 0      0 0 0 0 0 1 0 0 0 0 0 0 0 0 0 0 0 0 0 0      109.65      133.56      35.8        
0 0 0 0 0 0 0 0 0 0 0 0 0 0 0 0 0 1 0 0      0 0 0 0 0 0 0 0 0 0 1 0 0 0 0 0 0 0 0 0      0 0 0 0 0 1 0 0 0 0 0 0 0 0 0 0 0 0 0 0      0 0 0 0 1 0 0 0 0 0 0 0 0 0 0 0 0 0 0 0      133.56      90.87      104.31        
0 0 0 0 0 0 0 0 0 0 1 0 0 0 0 0 0 0 0 0      0 0 0 0 0 1 0 0 0 0 0 0 0 0 0 0 0 0 0 0      0 0 0 0 1 0 0 0 0 0 0 0 0 0 0 0 0 0 0 0      0 0 0 0 0 0 0 0 0 0 0 1 0 0 0 0 0 0 0 0      90.87      88.11      59.01        
0 0 0 0 0 1 0 0 0 0 0 0 0 0 0 0 0 0 0 0      0 0 0 0 1 0 0 0 0 0 0 0 0 0 0 0 0 0 0 0      0 0 0 0 0 0 0 0 0 0 0 1 0 0 0 0 0 0 0 0      0 0 0 0 0 0 0 0 0 0 0 0 0 1 0 0 0 0 0 0      88.11      96.17      40.25        
0 0 0 0 1 0 0 0 0 0 0 0 0 0 0 0 0 0 0 0      0 0 0 0 0 0 0 0 0 0 0 1 0 0 0 0 0 0 0 0      0 0 0 0 0 0 0 0 0 0 0 0 0 1 0 0 0 0 0 0      0 0 0 0 0 0 0 0 0 0 0 1 0 0 0 0 0 0 0 0      96.17      107.97      106.91        
0 0 0 0 0 0 0 0 0 0 0 1 0 0 0 0 0 0 0 0      0 0 0 0 0 0 0 0 0 0 0 0 0 1 0 0 0 0 0 0      0 0 0 0 0 0 0 0 0 0 0 1 0 0 0 0 0 0 0 0      0 0 0 0 1 0 0 0 0 0 0 0 0 0 0 0 0 0 0 0      107.97      132.51      159.96        
0 0 0 0 0 0 0 0 0 0 0 0 0 1 0 0 0 0 0 0      0 0 0 0 0 0 0 0 0 0 0 1 0 0 0 0 0 0 0 0      0 0 0 0 1 0 0 0 0 0 0 0 0 0 0 0 0 0 0 0      0 0 0 0 0 0 0 0 0 0 0 0 0 0 0 0 1 0 0 0      132.51      142.13      170.93        
0 0 0 0 0 0 0 0 0 0 0 1 0 0 0 0 0 0 0 0      0 0 0 0 1 0 0 0 0 0 0 0 0 0 0 0 0 0 0 0      0 0 0 0 0 0 0 0 0 0 0 0 0 0 0 0 1 0 0 0      0 0 1 0 0 0 0 0 0 0 0 0 0 0 0 0 0 0 0 0      142.13      90.11      77.52        
0 0 0 0 1 0 0 0 0 0 0 0 0 0 0 0 0 0 0 0      0 0 0 0 0 0 0 0 0 0 0 0 0 0 0 0 1 0 0 0      0 0 1 0 0 0 0 0 0 0 0 0 0 0 0 0 0 0 0 0      0 0 0 0 1 0 0 0 0 0 0 0 0 0 0 0 0 0 0 0      90.11      92.65      54.41        
0 0 0 0 0 0 0 0 0 0 0 0 0 0 0 0 1 0 0 0      0 0 1 0 0 0 0 0 0 0 0 0 0 0 0 0 0 0 0 0      0 0 0 0 1 0 0 0 0 0 0 0 0 0 0 0 0 0 0 0      0 0 0 0 0 0 0 0 0 0 0 0 0 0 0 0 1 0 0 0      92.65      91.53      51.76        
0 0 1 0 0 0 0 0 0 0 0 0 0 0 0 0 0 0 0 0      0 0 0 0 1 0 0 0 0 0 0 0 0 0 0 0 0 0 0 0      0 0 0 0 0 0 0 0 0 0 0 0 0 0 0 0 1 0 0 0      0 0 0 0 0 0 0 0 0 0 1 0 0 0 0 0 0 0 0 0      91.53      91.43      47.4        
0 0 0 0 1 0 0 0 0 0 0 0 0 0 0 0 0 0 0 0      0 0 0 0 0 0 0 0 0 0 0 0 0 0 0 0 1 0 0 0      0 0 0 0 0 0 0 0 0 0 1 0 0 0 0 0 0 0 0 0      0 0 0 0 0 0 0 0 0 0 0 0 0 1 0 0 0 0 0 0      91.43      87.66      50.06        
0 0 0 0 0 0 0 0 0 0 0 0 0 0 0 0 1 0 0 0      0 0 0 0 0 0 0 0 0 0 1 0 0 0 0 0 0 0 0 0      0 0 0 0 0 0 0 0 0 0 0 0 0 1 0 0 0 0 0 0      0 0 0 0 0 0 0 0 0 0 0 0 0 0 0 1 0 0 0 0      87.66      86.08      59.66        
0 0 0 0 0 0 0 0 0 0 1 0 0 0 0 0 0 0 0 0      0 0 0 0 0 0 0 0 0 0 0 0 0 1 0 0 0 0 0 0      0 0 0 0 0 0 0 0 0 0 0 0 0 0 0 1 0 0 0 0      0 0 0 0 0 0 0 0 0 0 0 0 0 0 0 0 0 1 0 0      86.08      89.44      62.72        
0 0 0 0 0 0 0 0 0 0 0 0 0 1 0 0 0 0 0 0      0 0 0 0 0 0 0 0 0 0 0 0 0 0 0 1 0 0 0 0      0 0 0 0 0 0 0 0 0 0 0 0 0 0 0 0 0 1 0 0      0 0 0 0 0 0 1 0 0 0 0 0 0 0 0 0 0 0 0 0      89.44      101.32      93.63        
0 0 0 0 0 0 0 0 0 0 0 0 0 0 0 1 0 0 0 0      0 0 0 0 0 0 0 0 0 0 0 0 0 0 0 0 0 1 0 0      0 0 0 0 0 0 1 0 0 0 0 0 0 0 0 0 0 0 0 0      0 0 1 0 0 0 0 0 0 0 0 0 0 0 0 0 0 0 0 0      101.32      127.63      127.15        
0 0 0 0 0 0 0 0 0 0 0 0 0 0 0 0 0 1 0 0      0 0 0 0 0 0 1 0 0 0 0 0 0 0 0 0 0 0 0 0      0 0 1 0 0 0 0 0 0 0 0 0 0 0 0 0 0 0 0 0      0 1 0 0 0 0 0 0 0 0 0 0 0 0 0 0 0 0 0 0      127.63      135.05      142.37        
0 0 0 0 0 0 1 0 0 0 0 0 0 0 0 0 0 0 0 0      0 0 1 0 0 0 0 0 0 0 0 0 0 0 0 0 0 0 0 0      0 1 0 0 0 0 0 0 0 0 0 0 0 0 0 0 0 0 0 0      1 0 0 0 0 0 0 0 0 0 0 0 0 0 0 0 0 0 0 0      135.05      88.78      98.2        
0 0 1 0 0 0 0 0 0 0 0 0 0 0 0 0 0 0 0 0      0 1 0 0 0 0 0 0 0 0 0 0 0 0 0 0 0 0 0 0      1 0 0 0 0 0 0 0 0 0 0 0 0 0 0 0 0 0 0 0      0 1 0 0 0 0 0 0 0 0 0 0 0 0 0 0 0 0 0 0      88.78      84.39      79.68        
0 1 0 0 0 0 0 0 0 0 0 0 0 0 0 0 0 0 0 0      1 0 0 0 0 0 0 0 0 0 0 0 0 0 0 0 0 0 0 0      0 1 0 0 0 0 0 0 0 0 0 0 0 0 0 0 0 0 0 0      0 0 0 0 0 0 0 0 1 0 0 0 0 0 0 0 0 0 0 0      84.39      103.47      20.64        
1 0 0 0 0 0 0 0 0 0 0 0 0 0 0 0 0 0 0 0      0 1 0 0 0 0 0 0 0 0 0 0 0 0 0 0 0 0 0 0      0 0 0 0 0 0 0 0 1 0 0 0 0 0 0 0 0 0 0 0      1 0 0 0 0 0 0 0 0 0 0 0 0 0 0 0 0 0 0 0      103.47      96.43      54.12        
0 1 0 0 0 0 0 0 0 0 0 0 0 0 0 0 0 0 0 0      0 0 0 0 0 0 0 0 1 0 0 0 0 0 0 0 0 0 0 0      1 0 0 0 0 0 0 0 0 0 0 0 0 0 0 0 0 0 0 0      0 0 0 1 0 0 0 0 0 0 0 0 0 0 0 0 0 0 0 0      96.43      94.27      55.0        
0 0 0 0 0 0 0 0 1 0 0 0 0 0 0 0 0 0 0 0      1 0 0 0 0 0 0 0 0 0 0 0 0 0 0 0 0 0 0 0      0 0 0 1 0 0 0 0 0 0 0 0 0 0 0 0 0 0 0 0      0 1 0 0 0 0 0 0 0 0 0 0 0 0 0 0 0 0 0 0      94.27      89.69      39.61        
1 0 0 0 0 0 0 0 0 0 0 0 0 0 0 0 0 0 0 0      0 0 0 1 0 0 0 0 0 0 0 0 0 0 0 0 0 0 0 0      0 1 0 0 0 0 0 0 0 0 0 0 0 0 0 0 0 0 0 0      0 0 0 0 0 0 0 0 1 0 0 0 0 0 0 0 0 0 0 0      89.69      91.55      59.69        
0 0 0 1 0 0 0 0 0 0 0 0 0 0 0 0 0 0 0 0      0 1 0 0 0 0 0 0 0 0 0 0 0 0 0 0 0 0 0 0      0 0 0 0 0 0 0 0 1 0 0 0 0 0 0 0 0 0 0 0      0 0 0 0 0 0 0 0 0 0 0 0 0 1 0 0 0 0 0 0      91.55      90.98      43.05        
0 1 0 0 0 0 0 0 0 0 0 0 0 0 0 0 0 0 0 0      0 0 0 0 0 0 0 0 1 0 0 0 0 0 0 0 0 0 0 0      0 0 0 0 0 0 0 0 0 0 0 0 0 1 0 0 0 0 0 0      0 0 0 0 0 0 0 1 0 0 0 0 0 0 0 0 0 0 0 0      90.98      87.44      52.73        
0 0 0 0 0 0 0 0 1 0 0 0 0 0 0 0 0 0 0 0      0 0 0 0 0 0 0 0 0 0 0 0 0 1 0 0 0 0 0 0      0 0 0 0 0 0 0 1 0 0 0 0 0 0 0 0 0 0 0 0      0 0 0 0 0 1 0 0 0 0 0 0 0 0 0 0 0 0 0 0      87.44      92.76      48.69        
0 0 0 0 0 0 0 0 0 0 0 0 0 1 0 0 0 0 0 0      0 0 0 0 0 0 0 1 0 0 0 0 0 0 0 0 0 0 0 0      0 0 0 0 0 1 0 0 0 0 0 0 0 0 0 0 0 0 0 0      0 0 0 0 0 0 0 0 0 0 0 0 0 0 0 0 1 0 0 0      92.76      89.09      49.16        
0 0 0 0 0 0 0 1 0 0 0 0 0 0 0 0 0 0 0 0      0 0 0 0 0 1 0 0 0 0 0 0 0 0 0 0 0 0 0 0      0 0 0 0 0 0 0 0 0 0 0 0 0 0 0 0 1 0 0 0      0 0 0 0 0 0 0 0 0 0 0 0 0 0 0 0 0 1 0 0      89.09      95.27      50.07        
0 0 0 0 0 1 0 0 0 0 0 0 0 0 0 0 0 0 0 0      0 0 0 0 0 0 0 0 0 0 0 0 0 0 0 0 1 0 0 0      0 0 0 0 0 0 0 0 0 0 0 0 0 0 0 0 0 1 0 0      0 1 0 0 0 0 0 0 0 0 0 0 0 0 0 0 0 0 0 0      95.27      93.1      44.95        
0 0 0 0 0 0 0 0 0 0 0 0 0 0 0 0 1 0 0 0      0 0 0 0 0 0 0 0 0 0 0 0 0 0 0 0 0 1 0 0      0 1 0 0 0 0 0 0 0 0 0 0 0 0 0 0 0 0 0 0      0 0 0 0 0 0 0 0 0 0 0 0 0 1 0 0 0 0 0 0      93.1      91.03      49.55        
0 0 0 0 0 0 0 0 0 0 0 0 0 0 0 0 0 1 0 0      0 1 0 0 0 0 0 0 0 0 0 0 0 0 0 0 0 0 0 0      0 0 0 0 0 0 0 0 0 0 0 0 0 1 0 0 0 0 0 0      0 0 0 0 0 0 0 0 0 0 0 0 0 1 0 0 0 0 0 0      91.03      90.81      49.26        
0 1 0 0 0 0 0 0 0 0 0 0 0 0 0 0 0 0 0 0      0 0 0 0 0 0 0 0 0 0 0 0 0 1 0 0 0 0 0 0      0 0 0 0 0 0 0 0 0 0 0 0 0 1 0 0 0 0 0 0      0 1 0 0 0 0 0 0 0 0 0 0 0 0 0 0 0 0 0 0      90.81      86.87      60.34        
0 0 0 0 0 0 0 0 0 0 0 0 0 1 0 0 0 0 0 0      0 0 0 0 0 0 0 0 0 0 0 0 0 1 0 0 0 0 0 0      0 1 0 0 0 0 0 0 0 0 0 0 0 0 0 0 0 0 0 0      0 0 0 0 0 0 0 0 0 0 0 0 1 0 0 0 0 0 0 0      86.87      90.9      65.76        
0 0 0 0 0 0 0 0 0 0 0 0 0 1 0 0 0 0 0 0      0 1 0 0 0 0 0 0 0 0 0 0 0 0 0 0 0 0 0 0      0 0 0 0 0 0 0 0 0 0 0 0 1 0 0 0 0 0 0 0      0 1 0 0 0 0 0 0 0 0 0 0 0 0 0 0 0 0 0 0      90.9      91.63      153.49        
0 1 0 0 0 0 0 0 0 0 0 0 0 0 0 0 0 0 0 0      0 0 0 0 0 0 0 0 0 0 0 0 1 0 0 0 0 0 0 0      0 1 0 0 0 0 0 0 0 0 0 0 0 0 0 0 0 0 0 0      0 0 0 0 0 0 1 0 0 0 0 0 0 0 0 0 0 0 0 0      91.63      120.53      160.05        
0 0 0 0 0 0 0 0 0 0 0 0 1 0 0 0 0 0 0 0      0 1 0 0 0 0 0 0 0 0 0 0 0 0 0 0 0 0 0 0      0 0 0 0 0 0 1 0 0 0 0 0 0 0 0 0 0 0 0 0      1 0 0 0 0 0 0 0 0 0 0 0 0 0 0 0 0 0 0 0      120.53      108.49      114.07        
0 1 0 0 0 0 0 0 0 0 0 0 0 0 0 0 0 0 0 0      0 0 0 0 0 0 1 0 0 0 0 0 0 0 0 0 0 0 0 0      1 0 0 0 0 0 0 0 0 0 0 0 0 0 0 0 0 0 0 0      1 0 0 0 0 0 0 0 0 0 0 0 0 0 0 0 0 0 0 0      108.49      85.4      110.62        
0 0 0 0 0 0 1 0 0 0 0 0 0 0 0 0 0 0 0 0      1 0 0 0 0 0 0 0 0 0 0 0 0 0 0 0 0 0 0 0      1 0 0 0 0 0 0 0 0 0 0 0 0 0 0 0 0 0 0 0      1 0 0 0 0 0 0 0 0 0 0 0 0 0 0 0 0 0 0 0      85.4      90.44      59.83        
1 0 0 0 0 0 0 0 0 0 0 0 0 0 0 0 0 0 0 0      1 0 0 0 0 0 0 0 0 0 0 0 0 0 0 0 0 0 0 0      1 0 0 0 0 0 0 0 0 0 0 0 0 0 0 0 0 0 0 0      0 0 0 0 0 0 1 0 0 0 0 0 0 0 0 0 0 0 0 0      90.44      90.44      46.28        
1 0 0 0 0 0 0 0 0 0 0 0 0 0 0 0 0 0 0 0      1 0 0 0 0 0 0 0 0 0 0 0 0 0 0 0 0 0 0 0      0 0 0 0 0 0 1 0 0 0 0 0 0 0 0 0 0 0 0 0      0 0 0 0 0 0 0 0 0 0 0 0 0 0 0 0 1 0 0 0      90.44      95.75      55.32        
1 0 0 0 0 0 0 0 0 0 0 0 0 0 0 0 0 0 0 0      0 0 0 0 0 0 1 0 0 0 0 0 0 0 0 0 0 0 0 0      0 0 0 0 0 0 0 0 0 0 0 0 0 0 0 0 1 0 0 0      0 1 0 0 0 0 0 0 0 0 0 0 0 0 0 0 0 0 0 0      95.75      91.68      43.46        
0 0 0 0 0 0 1 0 0 0 0 0 0 0 0 0 0 0 0 0      0 0 0 0 0 0 0 0 0 0 0 0 0 0 0 0 1 0 0 0      0 1 0 0 0 0 0 0 0 0 0 0 0 0 0 0 0 0 0 0      0 1 0 0 0 0 0 0 0 0 0 0 0 0 0 0 0 0 0 0      91.68      90.97      52.14        
0 0 0 0 0 0 0 0 0 0 0 0 0 0 0 0 1 0 0 0      0 1 0 0 0 0 0 0 0 0 0 0 0 0 0 0 0 0 0 0      0 1 0 0 0 0 0 0 0 0 0 0 0 0 0 0 0 0 0 0      0 0 0 0 0 0 0 0 0 1 0 0 0 0 0 0 0 0 0 0      90.97      91.13      52.14        
0 1 0 0 0 0 0 0 0 0 0 0 0 0 0 0 0 0 0 0      0 1 0 0 0 0 0 0 0 0 0 0 0 0 0 0 0 0 0 0      0 0 0 0 0 0 0 0 0 1 0 0 0 0 0 0 0 0 0 0      0 0 0 0 0 0 0 0 0 0 0 0 0 0 0 1 0 0 0 0      91.13      92.4      48.76        
0 1 0 0 0 0 0 0 0 0 0 0 0 0 0 0 0 0 0 0      0 0 0 0 0 0 0 0 0 1 0 0 0 0 0 0 0 0 0 0      0 0 0 0 0 0 0 0 0 0 0 0 0 0 0 1 0 0 0 0      0 0 0 0 0 0 0 0 1 0 0 0 0 0 0 0 0 0 0 0      92.4      91.54      48.05        
0 0 0 0 0 0 0 0 0 1 0 0 0 0 0 0 0 0 0 0      0 0 0 0 0 0 0 0 0 0 0 0 0 0 0 1 0 0 0 0      0 0 0 0 0 0 0 0 1 0 0 0 0 0 0 0 0 0 0 0      0 0 0 0 0 0 0 0 0 0 0 0 0 0 0 0 0 0 0 1      91.54      89.88      49.35        
0 0 0 0 0 0 0 0 0 0 0 0 0 0 0 1 0 0 0 0      0 0 0 0 0 0 0 0 1 0 0 0 0 0 0 0 0 0 0 0      0 0 0 0 0 0 0 0 0 0 0 0 0 0 0 0 0 0 0 1      0 0 0 0 0 0 0 0 1 0 0 0 0 0 0 0 0 0 0 0      89.88      90.96      54.22        
0 0 0 0 0 0 0 0 1 0 0 0 0 0 0 0 0 0 0 0      0 0 0 0 0 0 0 0 0 0 0 0 0 0 0 0 0 0 0 1      0 0 0 0 0 0 0 0 1 0 0 0 0 0 0 0 0 0 0 0      0 0 0 0 0 0 0 0 0 0 0 0 0 0 0 0 1 0 0 0      90.96      95.87      47.0        
0 0 0 0 0 0 0 0 0 0 0 0 0 0 0 0 0 0 0 1      0 0 0 0 0 0 0 0 1 0 0 0 0 0 0 0 0 0 0 0      0 0 0 0 0 0 0 0 0 0 0 0 0 0 0 0 1 0 0 0      0 0 0 0 0 0 0 0 0 0 1 0 0 0 0 0 0 0 0 0      95.87      99.16      54.22        
0 0 0 0 0 0 0 0 1 0 0 0 0 0 0 0 0 0 0 0      0 0 0 0 0 0 0 0 0 0 0 0 0 0 0 0 1 0 0 0      0 0 0 0 0 0 0 0 0 0 1 0 0 0 0 0 0 0 0 0      0 0 0 1 0 0 0 0 0 0 0 0 0 0 0 0 0 0 0 0      99.16      117.22      148.14        
0 0 0 0 0 0 0 0 0 0 0 0 0 0 0 0 1 0 0 0      0 0 0 0 0 0 0 0 0 0 1 0 0 0 0 0 0 0 0 0      0 0 0 1 0 0 0 0 0 0 0 0 0 0 0 0 0 0 0 0      0 0 0 0 1 0 0 0 0 0 0 0 0 0 0 0 0 0 0 0      117.22      95.67      152.91        
0 0 0 0 0 0 0 0 0 0 1 0 0 0 0 0 0 0 0 0      0 0 0 1 0 0 0 0 0 0 0 0 0 0 0 0 0 0 0 0      0 0 0 0 1 0 0 0 0 0 0 0 0 0 0 0 0 0 0 0      0 0 0 0 0 0 0 0 0 0 0 0 0 0 1 0 0 0 0 0      95.67      94.89      62.6        
0 0 0 1 0 0 0 0 0 0 0 0 0 0 0 0 0 0 0 0      0 0 0 0 1 0 0 0 0 0 0 0 0 0 0 0 0 0 0 0      0 0 0 0 0 0 0 0 0 0 0 0 0 0 1 0 0 0 0 0      0 0 0 1 0 0 0 0 0 0 0 0 0 0 0 0 0 0 0 0      94.89      107.29      125.36        
0 0 0 0 1 0 0 0 0 0 0 0 0 0 0 0 0 0 0 0      0 0 0 0 0 0 0 0 0 0 0 0 0 0 1 0 0 0 0 0      0 0 0 1 0 0 0 0 0 0 0 0 0 0 0 0 0 0 0 0      0 0 0 0 0 0 0 0 0 0 0 0 0 0 0 0 0 1 0 0      107.29      115.3      106.34        
0 0 0 0 0 0 0 0 0 0 0 0 0 0 1 0 0 0 0 0      0 0 0 1 0 0 0 0 0 0 0 0 0 0 0 0 0 0 0 0      0 0 0 0 0 0 0 0 0 0 0 0 0 0 0 0 0 1 0 0      0 0 0 0 0 0 0 0 0 0 0 0 0 0 0 0 1 0 0 0      115.3      93.28      29.07        
0 0 0 1 0 0 0 0 0 0 0 0 0 0 0 0 0 0 0 0      0 0 0 0 0 0 0 0 0 0 0 0 0 0 0 0 0 1 0 0      0 0 0 0 0 0 0 0 0 0 0 0 0 0 0 0 1 0 0 0      0 0 0 0 0 1 0 0 0 0 0 0 0 0 0 0 0 0 0 0      93.28      114.87      142.99        
0 0 0 0 0 0 0 0 0 0 0 0 0 0 0 0 0 1 0 0      0 0 0 0 0 0 0 0 0 0 0 0 0 0 0 0 1 0 0 0      0 0 0 0 0 1 0 0 0 0 0 0 0 0 0 0 0 0 0 0      0 0 0 0 1 0 0 0 0 0 0 0 0 0 0 0 0 0 0 0      114.87      110.02      178.51        
0 0 0 0 0 0 0 0 0 0 0 0 0 0 0 0 1 0 0 0      0 0 0 0 0 1 0 0 0 0 0 0 0 0 0 0 0 0 0 0      0 0 0 0 1 0 0 0 0 0 0 0 0 0 0 0 0 0 0 0      0 0 0 0 0 0 0 0 0 0 0 0 0 0 0 1 0 0 0 0      110.02      93.47      42.73        
0 0 0 0 0 1 0 0 0 0 0 0 0 0 0 0 0 0 0 0      0 0 0 0 1 0 0 0 0 0 0 0 0 0 0 0 0 0 0 0      0 0 0 0 0 0 0 0 0 0 0 0 0 0 0 1 0 0 0 0      0 0 0 0 0 0 0 0 0 0 0 0 0 1 0 0 0 0 0 0      93.47      88.68      155.27        
0 0 0 0 1 0 0 0 0 0 0 0 0 0 0 0 0 0 0 0      0 0 0 0 0 0 0 0 0 0 0 0 0 0 0 1 0 0 0 0      0 0 0 0 0 0 0 0 0 0 0 0 0 1 0 0 0 0 0 0      0 1 0 0 0 0 0 0 0 0 0 0 0 0 0 0 0 0 0 0      88.68      91.46      60.5        
0 0 0 0 0 0 0 0 0 0 0 0 0 0 0 1 0 0 0 0      0 0 0 0 0 0 0 0 0 0 0 0 0 1 0 0 0 0 0 0      0 1 0 0 0 0 0 0 0 0 0 0 0 0 0 0 0 0 0 0      0 0 0 0 0 0 0 0 0 0 0 0 0 0 0 0 1 0 0 0      91.46      91.71      41.05        
0 0 0 0 0 0 0 0 0 0 0 0 0 1 0 0 0 0 0 0      0 1 0 0 0 0 0 0 0 0 0 0 0 0 0 0 0 0 0 0      0 0 0 0 0 0 0 0 0 0 0 0 0 0 0 0 1 0 0 0      1 0 0 0 0 0 0 0 0 0 0 0 0 0 0 0 0 0 0 0      91.71      89.53      52.18        
0 1 0 0 0 0 0 0 0 0 0 0 0 0 0 0 0 0 0 0      0 0 0 0 0 0 0 0 0 0 0 0 0 0 0 0 1 0 0 0      1 0 0 0 0 0 0 0 0 0 0 0 0 0 0 0 0 0 0 0      0 0 0 0 0 0 0 0 0 0 0 0 0 0 0 1 0 0 0 0      89.53      92.73      49.6        
0 0 0 0 0 0 0 0 0 0 0 0 0 0 0 0 1 0 0 0      1 0 0 0 0 0 0 0 0 0 0 0 0 0 0 0 0 0 0 0      0 0 0 0 0 0 0 0 0 0 0 0 0 0 0 1 0 0 0 0      0 0 0 0 0 0 0 0 1 0 0 0 0 0 0 0 0 0 0 0      92.73      91.52      53.29        
1 0 0 0 0 0 0 0 0 0 0 0 0 0 0 0 0 0 0 0      0 0 0 0 0 0 0 0 0 0 0 0 0 0 0 1 0 0 0 0      0 0 0 0 0 0 0 0 1 0 0 0 0 0 0 0 0 0 0 0      0 0 0 0 0 1 0 0 0 0 0 0 0 0 0 0 0 0 0 0      91.52      91.83      47.79        
0 0 0 0 0 0 0 0 0 0 0 0 0 0 0 1 0 0 0 0      0 0 0 0 0 0 0 0 1 0 0 0 0 0 0 0 0 0 0 0      0 0 0 0 0 1 0 0 0 0 0 0 0 0 0 0 0 0 0 0      0 0 0 0 1 0 0 0 0 0 0 0 0 0 0 0 0 0 0 0      91.83      93.27      46.67        
0 0 0 0 0 0 0 0 1 0 0 0 0 0 0 0 0 0 0 0      0 0 0 0 0 1 0 0 0 0 0 0 0 0 0 0 0 0 0 0      0 0 0 0 1 0 0 0 0 0 0 0 0 0 0 0 0 0 0 0      0 0 0 0 0 0 0 0 0 0 0 0 0 0 1 0 0 0 0 0      93.27      89.48      54.29        
0 0 0 0 0 1 0 0 0 0 0 0 0 0 0 0 0 0 0 0      0 0 0 0 1 0 0 0 0 0 0 0 0 0 0 0 0 0 0 0      0 0 0 0 0 0 0 0 0 0 0 0 0 0 1 0 0 0 0 0      0 1 0 0 0 0 0 0 0 0 0 0 0 0 0 0 0 0 0 0      89.48      86.71      54.23        
0 0 0 0 1 0 0 0 0 0 0 0 0 0 0 0 0 0 0 0      0 0 0 0 0 0 0 0 0 0 0 0 0 0 1 0 0 0 0 0      0 1 0 0 0 0 0 0 0 0 0 0 0 0 0 0 0 0 0 0      0 0 0 0 0 0 0 0 0 0 1 0 0 0 0 0 0 0 0 0      86.71      93.64      43.82        
0 0 0 0 0 0 0 0 0 0 0 0 0 0 1 0 0 0 0 0      0 1 0 0 0 0 0 0 0 0 0 0 0 0 0 0 0 0 0 0      0 0 0 0 0 0 0 0 0 0 1 0 0 0 0 0 0 0 0 0      0 0 0 0 0 0 0 0 0 0 0 0 1 0 0 0 0 0 0 0      93.64      94.02      50.77        
0 1 0 0 0 0 0 0 0 0 0 0 0 0 0 0 0 0 0 0      0 0 0 0 0 0 0 0 0 0 1 0 0 0 0 0 0 0 0 0      0 0 0 0 0 0 0 0 0 0 0 0 1 0 0 0 0 0 0 0      0 0 1 0 0 0 0 0 0 0 0 0 0 0 0 0 0 0 0 0      94.02      86.71      47.9        
0 0 0 0 0 0 0 0 0 0 1 0 0 0 0 0 0 0 0 0      0 0 0 0 0 0 0 0 0 0 0 0 1 0 0 0 0 0 0 0      0 0 1 0 0 0 0 0 0 0 0 0 0 0 0 0 0 0 0 0      0 1 0 0 0 0 0 0 0 0 0 0 0 0 0 0 0 0 0 0      86.71      91.39      53.69        
0 0 0 0 0 0 0 0 0 0 0 0 1 0 0 0 0 0 0 0      0 0 1 0 0 0 0 0 0 0 0 0 0 0 0 0 0 0 0 0      0 1 0 0 0 0 0 0 0 0 0 0 0 0 0 0 0 0 0 0      0 0 0 0 0 1 0 0 0 0 0 0 0 0 0 0 0 0 0 0      91.39      93.83      43.91        
0 0 1 0 0 0 0 0 0 0 0 0 0 0 0 0 0 0 0 0      0 1 0 0 0 0 0 0 0 0 0 0 0 0 0 0 0 0 0 0      0 0 0 0 0 1 0 0 0 0 0 0 0 0 0 0 0 0 0 0      0 0 1 0 0 0 0 0 0 0 0 0 0 0 0 0 0 0 0 0      93.83      92.44      48.59        
0 1 0 0 0 0 0 0 0 0 0 0 0 0 0 0 0 0 0 0      0 0 0 0 0 1 0 0 0 0 0 0 0 0 0 0 0 0 0 0      0 0 1 0 0 0 0 0 0 0 0 0 0 0 0 0 0 0 0 0      0 0 0 0 0 0 0 0 0 0 0 1 0 0 0 0 0 0 0 0      92.44      91.78      45.93        
0 0 0 0 0 1 0 0 0 0 0 0 0 0 0 0 0 0 0 0      0 0 1 0 0 0 0 0 0 0 0 0 0 0 0 0 0 0 0 0      0 0 0 0 0 0 0 0 0 0 0 1 0 0 0 0 0 0 0 0      0 0 0 0 0 0 0 0 1 0 0 0 0 0 0 0 0 0 0 0      91.78      92.38      53.71        
0 0 1 0 0 0 0 0 0 0 0 0 0 0 0 0 0 0 0 0      0 0 0 0 0 0 0 0 0 0 0 1 0 0 0 0 0 0 0 0      0 0 0 0 0 0 0 0 1 0 0 0 0 0 0 0 0 0 0 0      0 0 0 0 0 0 0 0 0 0 0 0 0 0 1 0 0 0 0 0      92.38      91.83      52.46        
0 0 0 0 0 0 0 0 0 0 0 1 0 0 0 0 0 0 0 0      0 0 0 0 0 0 0 0 1 0 0 0 0 0 0 0 0 0 0 0      0 0 0 0 0 0 0 0 0 0 0 0 0 0 1 0 0 0 0 0      0 0 0 0 0 0 0 0 0 0 0 0 0 0 0 0 0 0 0 1      91.83      94.95      46.0        
0 0 0 0 0 0 0 0 1 0 0 0 0 0 0 0 0 0 0 0      0 0 0 0 0 0 0 0 0 0 0 0 0 0 1 0 0 0 0 0      0 0 0 0 0 0 0 0 0 0 0 0 0 0 0 0 0 0 0 1      0 0 0 0 0 0 0 0 0 0 0 0 0 0 1 0 0 0 0 0      94.95      102.57      34.74        
0 0 0 0 0 0 0 0 0 0 0 0 0 0 1 0 0 0 0 0      0 0 0 0 0 0 0 0 0 0 0 0 0 0 0 0 0 0 0 1      0 0 0 0 0 0 0 0 0 0 0 0 0 0 1 0 0 0 0 0      0 0 0 0 0 0 1 0 0 0 0 0 0 0 0 0 0 0 0 0      102.57      109.29      20.86        
0 0 0 0 0 0 0 0 0 0 0 0 0 0 0 0 0 0 0 1      0 0 0 0 0 0 0 0 0 0 0 0 0 0 1 0 0 0 0 0      0 0 0 0 0 0 1 0 0 0 0 0 0 0 0 0 0 0 0 0      0 0 0 1 0 0 0 0 0 0 0 0 0 0 0 0 0 0 0 0      109.29      111.52      80.69        
0 0 0 0 0 0 0 0 0 0 0 0 0 0 1 0 0 0 0 0      0 0 0 0 0 0 1 0 0 0 0 0 0 0 0 0 0 0 0 0      0 0 0 1 0 0 0 0 0 0 0 0 0 0 0 0 0 0 0 0      0 0 0 1 0 0 0 0 0 0 0 0 0 0 0 0 0 0 0 0      111.52      120.34      146.68        
0 0 0 0 0 0 1 0 0 0 0 0 0 0 0 0 0 0 0 0      0 0 0 1 0 0 0 0 0 0 0 0 0 0 0 0 0 0 0 0      0 0 0 1 0 0 0 0 0 0 0 0 0 0 0 0 0 0 0 0      0 0 0 1 0 0 0 0 0 0 0 0 0 0 0 0 0 0 0 0      120.34      143.05      72.18        
0 0 0 1 0 0 0 0 0 0 0 0 0 0 0 0 0 0 0 0      0 0 0 1 0 0 0 0 0 0 0 0 0 0 0 0 0 0 0 0      0 0 0 1 0 0 0 0 0 0 0 0 0 0 0 0 0 0 0 0      0 0 0 0 0 0 0 0 0 0 0 0 0 0 0 0 0 1 0 0      143.05      89.55      28.92        
0 0 0 1 0 0 0 0 0 0 0 0 0 0 0 0 0 0 0 0      0 0 0 1 0 0 0 0 0 0 0 0 0 0 0 0 0 0 0 0      0 0 0 0 0 0 0 0 0 0 0 0 0 0 0 0 0 1 0 0      0 0 0 0 0 0 0 0 0 0 1 0 0 0 0 0 0 0 0 0      89.55      87.03      55.29        
0 0 0 1 0 0 0 0 0 0 0 0 0 0 0 0 0 0 0 0      0 0 0 0 0 0 0 0 0 0 0 0 0 0 0 0 0 1 0 0      0 0 0 0 0 0 0 0 0 0 1 0 0 0 0 0 0 0 0 0      0 0 0 0 0 0 1 0 0 0 0 0 0 0 0 0 0 0 0 0      87.03      93.66      56.76        
0 0 0 0 0 0 0 0 0 0 0 0 0 0 0 0 0 1 0 0      0 0 0 0 0 0 0 0 0 0 1 0 0 0 0 0 0 0 0 0      0 0 0 0 0 0 1 0 0 0 0 0 0 0 0 0 0 0 0 0      0 0 0 0 0 1 0 0 0 0 0 0 0 0 0 0 0 0 0 0      93.66      105.99      127.48        
0 0 0 0 0 0 0 0 0 0 1 0 0 0 0 0 0 0 0 0      0 0 0 0 0 0 1 0 0 0 0 0 0 0 0 0 0 0 0 0      0 0 0 0 0 1 0 0 0 0 0 0 0 0 0 0 0 0 0 0      0 1 0 0 0 0 0 0 0 0 0 0 0 0 0 0 0 0 0 0      105.99      86.3      25.05        
0 0 0 0 0 0 1 0 0 0 0 0 0 0 0 0 0 0 0 0      0 0 0 0 0 1 0 0 0 0 0 0 0 0 0 0 0 0 0 0      0 1 0 0 0 0 0 0 0 0 0 0 0 0 0 0 0 0 0 0      0 0 0 0 0 0 0 0 0 0 0 1 0 0 0 0 0 0 0 0      86.3      93.29      146.5        
0 0 0 0 0 1 0 0 0 0 0 0 0 0 0 0 0 0 0 0      0 1 0 0 0 0 0 0 0 0 0 0 0 0 0 0 0 0 0 0      0 0 0 0 0 0 0 0 0 0 0 1 0 0 0 0 0 0 0 0      0 0 0 0 0 0 0 0 0 0 0 0 0 0 0 1 0 0 0 0      93.29      93.57      50.52        
0 1 0 0 0 0 0 0 0 0 0 0 0 0 0 0 0 0 0 0      0 0 0 0 0 0 0 0 0 0 0 1 0 0 0 0 0 0 0 0      0 0 0 0 0 0 0 0 0 0 0 0 0 0 0 1 0 0 0 0      0 0 0 0 0 0 0 0 0 0 0 0 0 1 0 0 0 0 0 0      93.57      90.35      47.24        
0 0 0 0 0 0 0 0 0 0 0 1 0 0 0 0 0 0 0 0      0 0 0 0 0 0 0 0 0 0 0 0 0 0 0 1 0 0 0 0      0 0 0 0 0 0 0 0 0 0 0 0 0 1 0 0 0 0 0 0      0 0 0 0 0 0 0 0 0 1 0 0 0 0 0 0 0 0 0 0      90.35      89.73      51.39        
0 0 0 0 0 0 0 0 0 0 0 0 0 0 0 1 0 0 0 0      0 0 0 0 0 0 0 0 0 0 0 0 0 1 0 0 0 0 0 0      0 0 0 0 0 0 0 0 0 1 0 0 0 0 0 0 0 0 0 0      0 0 0 0 0 0 0 0 1 0 0 0 0 0 0 0 0 0 0 0      89.73      91.36      51.81        
0 0 0 0 0 0 0 0 0 0 0 0 0 1 0 0 0 0 0 0      0 0 0 0 0 0 0 0 0 1 0 0 0 0 0 0 0 0 0 0      0 0 0 0 0 0 0 0 1 0 0 0 0 0 0 0 0 0 0 0      0 0 0 0 0 1 0 0 0 0 0 0 0 0 0 0 0 0 0 0      91.36      89.53      48.24        
0 0 0 0 0 0 0 0 0 1 0 0 0 0 0 0 0 0 0 0      0 0 0 0 0 0 0 0 1 0 0 0 0 0 0 0 0 0 0 0      0 0 0 0 0 1 0 0 0 0 0 0 0 0 0 0 0 0 0 0      0 0 0 0 0 0 0 0 0 0 0 0 0 1 0 0 0 0 0 0      89.53      87.01      59.25        
0 0 0 0 0 0 0 0 1 0 0 0 0 0 0 0 0 0 0 0      0 0 0 0 0 1 0 0 0 0 0 0 0 0 0 0 0 0 0 0      0 0 0 0 0 0 0 0 0 0 0 0 0 1 0 0 0 0 0 0      0 1 0 0 0 0 0 0 0 0 0 0 0 0 0 0 0 0 0 0      87.01      88.55      55.6        
0 0 0 0 0 1 0 0 0 0 0 0 0 0 0 0 0 0 0 0      0 0 0 0 0 0 0 0 0 0 0 0 0 1 0 0 0 0 0 0      0 1 0 0 0 0 0 0 0 0 0 0 0 0 0 0 0 0 0 0      0 0 0 0 0 0 0 0 0 0 0 0 0 0 0 1 0 0 0 0      88.55      87.93      55.05        
0 0 0 0 0 0 0 0 0 0 0 0 0 1 0 0 0 0 0 0      0 1 0 0 0 0 0 0 0 0 0 0 0 0 0 0 0 0 0 0      0 0 0 0 0 0 0 0 0 0 0 0 0 0 0 1 0 0 0 0      0 0 0 0 1 0 0 0 0 0 0 0 0 0 0 0 0 0 0 0      87.93      88.18      46.82        
0 1 0 0 0 0 0 0 0 0 0 0 0 0 0 0 0 0 0 0      0 0 0 0 0 0 0 0 0 0 0 0 0 0 0 1 0 0 0 0      0 0 0 0 1 0 0 0 0 0 0 0 0 0 0 0 0 0 0 0      0 1 0 0 0 0 0 0 0 0 0 0 0 0 0 0 0 0 0 0      88.18      89.04      53.24        
0 0 0 0 0 0 0 0 0 0 0 0 0 0 0 1 0 0 0 0      0 0 0 0 1 0 0 0 0 0 0 0 0 0 0 0 0 0 0 0      0 1 0 0 0 0 0 0 0 0 0 0 0 0 0 0 0 0 0 0      0 0 0 0 0 0 0 0 0 0 0 0 0 0 1 0 0 0 0 0      89.04      91.66      52.15        
0 0 0 0 1 0 0 0 0 0 0 0 0 0 0 0 0 0 0 0      0 1 0 0 0 0 0 0 0 0 0 0 0 0 0 0 0 0 0 0      0 0 0 0 0 0 0 0 0 0 0 0 0 0 1 0 0 0 0 0      0 0 0 0 0 0 0 0 0 0 1 0 0 0 0 0 0 0 0 0      91.66      88.51      59.05        
0 1 0 0 0 0 0 0 0 0 0 0 0 0 0 0 0 0 0 0      0 0 0 0 0 0 0 0 0 0 0 0 0 0 1 0 0 0 0 0      0 0 0 0 0 0 0 0 0 0 1 0 0 0 0 0 0 0 0 0      0 1 0 0 0 0 0 0 0 0 0 0 0 0 0 0 0 0 0 0      88.51      92.51      46.26        
0 0 0 0 0 0 0 0 0 0 0 0 0 0 1 0 0 0 0 0      0 0 0 0 0 0 0 0 0 0 1 0 0 0 0 0 0 0 0 0      0 1 0 0 0 0 0 0 0 0 0 0 0 0 0 0 0 0 0 0      0 0 0 0 0 0 0 0 0 0 0 0 1 0 0 0 0 0 0 0      92.51      90.56      47.11        
0 0 0 0 0 0 0 0 0 0 1 0 0 0 0 0 0 0 0 0      0 1 0 0 0 0 0 0 0 0 0 0 0 0 0 0 0 0 0 0      0 0 0 0 0 0 0 0 0 0 0 0 1 0 0 0 0 0 0 0      1 0 0 0 0 0 0 0 0 0 0 0 0 0 0 0 0 0 0 0      90.56      89.25      52.61        
0 1 0 0 0 0 0 0 0 0 0 0 0 0 0 0 0 0 0 0      0 0 0 0 0 0 0 0 0 0 0 0 1 0 0 0 0 0 0 0      1 0 0 0 0 0 0 0 0 0 0 0 0 0 0 0 0 0 0 0      1 0 0 0 0 0 0 0 0 0 0 0 0 0 0 0 0 0 0 0      89.25      94.0      49.87        
0 0 0 0 0 0 0 0 0 0 0 0 1 0 0 0 0 0 0 0      1 0 0 0 0 0 0 0 0 0 0 0 0 0 0 0 0 0 0 0      1 0 0 0 0 0 0 0 0 0 0 0 0 0 0 0 0 0 0 0      0 0 0 0 0 0 1 0 0 0 0 0 0 0 0 0 0 0 0 0      94.0      92.52      43.9        
1 0 0 0 0 0 0 0 0 0 0 0 0 0 0 0 0 0 0 0      1 0 0 0 0 0 0 0 0 0 0 0 0 0 0 0 0 0 0 0      0 0 0 0 0 0 1 0 0 0 0 0 0 0 0 0 0 0 0 0      0 0 0 0 0 0 0 0 0 0 1 0 0 0 0 0 0 0 0 0      92.52      91.22      53.0        
1 0 0 0 0 0 0 0 0 0 0 0 0 0 0 0 0 0 0 0      0 0 0 0 0 0 1 0 0 0 0 0 0 0 0 0 0 0 0 0      0 0 0 0 0 0 0 0 0 0 1 0 0 0 0 0 0 0 0 0      0 0 0 0 0 0 0 0 0 0 0 0 0 1 0 0 0 0 0 0      91.22      91.06      50.52        
0 0 0 0 0 0 1 0 0 0 0 0 0 0 0 0 0 0 0 0      0 0 0 0 0 0 0 0 0 0 1 0 0 0 0 0 0 0 0 0      0 0 0 0 0 0 0 0 0 0 0 0 0 1 0 0 0 0 0 0      0 0 0 0 0 1 0 0 0 0 0 0 0 0 0 0 0 0 0 0      91.06      92.89      51.07        
0 0 0 0 0 0 0 0 0 0 1 0 0 0 0 0 0 0 0 0      0 0 0 0 0 0 0 0 0 0 0 0 0 1 0 0 0 0 0 0      0 0 0 0 0 1 0 0 0 0 0 0 0 0 0 0 0 0 0 0      0 0 0 0 0 0 0 0 0 0 0 1 0 0 0 0 0 0 0 0      92.89      90.22      41.38        
0 0 0 0 0 0 0 0 0 0 0 0 0 1 0 0 0 0 0 0      0 0 0 0 0 1 0 0 0 0 0 0 0 0 0 0 0 0 0 0      0 0 0 0 0 0 0 0 0 0 0 1 0 0 0 0 0 0 0 0      0 0 0 0 0 0 0 0 0 0 0 0 0 0 1 0 0 0 0 0      90.22      92.91      53.72        
0 0 0 0 0 1 0 0 0 0 0 0 0 0 0 0 0 0 0 0      0 0 0 0 0 0 0 0 0 0 0 1 0 0 0 0 0 0 0 0      0 0 0 0 0 0 0 0 0 0 0 0 0 0 1 0 0 0 0 0      0 0 0 0 0 0 0 0 0 0 1 0 0 0 0 0 0 0 0 0      92.91      86.45      49.37        
0 0 0 0 0 0 0 0 0 0 0 1 0 0 0 0 0 0 0 0      0 0 0 0 0 0 0 0 0 0 0 0 0 0 1 0 0 0 0 0      0 0 0 0 0 0 0 0 0 0 1 0 0 0 0 0 0 0 0 0      0 1 0 0 0 0 0 0 0 0 0 0 0 0 0 0 0 0 0 0      86.45      95.3      48.83        
0 0 0 0 0 0 0 0 0 0 0 0 0 0 1 0 0 0 0 0      0 0 0 0 0 0 0 0 0 0 1 0 0 0 0 0 0 0 0 0      0 1 0 0 0 0 0 0 0 0 0 0 0 0 0 0 0 0 0 0      0 0 0 0 0 0 0 0 0 0 1 0 0 0 0 0 0 0 0 0      95.3      96.65      41.09        
0 0 0 0 0 0 0 0 0 0 1 0 0 0 0 0 0 0 0 0      0 1 0 0 0 0 0 0 0 0 0 0 0 0 0 0 0 0 0 0      0 0 0 0 0 0 0 0 0 0 1 0 0 0 0 0 0 0 0 0      0 0 0 0 0 0 0 1 0 0 0 0 0 0 0 0 0 0 0 0      96.65      92.89      47.44        
0 1 0 0 0 0 0 0 0 0 0 0 0 0 0 0 0 0 0 0      0 0 0 0 0 0 0 0 0 0 1 0 0 0 0 0 0 0 0 0      0 0 0 0 0 0 0 1 0 0 0 0 0 0 0 0 0 0 0 0      0 0 0 0 0 1 0 0 0 0 0 0 0 0 0 0 0 0 0 0      92.89      85.82      76.06        
0 0 0 0 0 0 0 0 0 0 1 0 0 0 0 0 0 0 0 0      0 0 0 0 0 0 0 1 0 0 0 0 0 0 0 0 0 0 0 0      0 0 0 0 0 1 0 0 0 0 0 0 0 0 0 0 0 0 0 0      0 0 0 1 0 0 0 0 0 0 0 0 0 0 0 0 0 0 0 0      85.82      106.0      80.94        
0 0 0 0 0 0 0 1 0 0 0 0 0 0 0 0 0 0 0 0      0 0 0 0 0 1 0 0 0 0 0 0 0 0 0 0 0 0 0 0      0 0 0 1 0 0 0 0 0 0 0 0 0 0 0 0 0 0 0 0      1 0 0 0 0 0 0 0 0 0 0 0 0 0 0 0 0 0 0 0      106.0      90.11      148.41        
0 0 0 0 0 1 0 0 0 0 0 0 0 0 0 0 0 0 0 0      0 0 0 1 0 0 0 0 0 0 0 0 0 0 0 0 0 0 0 0      1 0 0 0 0 0 0 0 0 0 0 0 0 0 0 0 0 0 0 0      0 0 0 0 0 0 0 0 0 0 0 0 1 0 0 0 0 0 0 0      90.11      90.01      60.68        
0 0 0 1 0 0 0 0 0 0 0 0 0 0 0 0 0 0 0 0      1 0 0 0 0 0 0 0 0 0 0 0 0 0 0 0 0 0 0 0      0 0 0 0 0 0 0 0 0 0 0 0 1 0 0 0 0 0 0 0      0 0 0 0 0 0 0 0 0 0 1 0 0 0 0 0 0 0 0 0      90.01      95.9      38.29        
1 0 0 0 0 0 0 0 0 0 0 0 0 0 0 0 0 0 0 0      0 0 0 0 0 0 0 0 0 0 0 0 1 0 0 0 0 0 0 0      0 0 0 0 0 0 0 0 0 0 1 0 0 0 0 0 0 0 0 0      0 0 0 0 0 0 0 0 0 1 0 0 0 0 0 0 0 0 0 0      95.9      84.93      54.37        
0 0 0 0 0 0 0 0 0 0 0 0 1 0 0 0 0 0 0 0      0 0 0 0 0 0 0 0 0 0 1 0 0 0 0 0 0 0 0 0      0 0 0 0 0 0 0 0 0 1 0 0 0 0 0 0 0 0 0 0      0 0 0 0 0 0 0 0 0 0 0 0 0 1 0 0 0 0 0 0      84.93      90.95      62.15        
0 0 0 0 0 0 0 0 0 0 1 0 0 0 0 0 0 0 0 0      0 0 0 0 0 0 0 0 0 1 0 0 0 0 0 0 0 0 0 0      0 0 0 0 0 0 0 0 0 0 0 0 0 1 0 0 0 0 0 0      0 1 0 0 0 0 0 0 0 0 0 0 0 0 0 0 0 0 0 0      90.95      93.7      54.2        
0 0 0 0 0 0 0 0 0 1 0 0 0 0 0 0 0 0 0 0      0 0 0 0 0 0 0 0 0 0 0 0 0 1 0 0 0 0 0 0      0 1 0 0 0 0 0 0 0 0 0 0 0 0 0 0 0 0 0 0      0 0 1 0 0 0 0 0 0 0 0 0 0 0 0 0 0 0 0 0      93.7      127.92      85.24        
0 0 0 0 0 0 0 0 0 0 0 0 0 1 0 0 0 0 0 0      0 1 0 0 0 0 0 0 0 0 0 0 0 0 0 0 0 0 0 0      0 0 1 0 0 0 0 0 0 0 0 0 0 0 0 0 0 0 0 0      0 0 0 1 0 0 0 0 0 0 0 0 0 0 0 0 0 0 0 0      127.92      132.05      105.74        
0 1 0 0 0 0 0 0 0 0 0 0 0 0 0 0 0 0 0 0      0 0 1 0 0 0 0 0 0 0 0 0 0 0 0 0 0 0 0 0      0 0 0 1 0 0 0 0 0 0 0 0 0 0 0 0 0 0 0 0      0 1 0 0 0 0 0 0 0 0 0 0 0 0 0 0 0 0 0 0      132.05      91.36      113.13        
0 0 1 0 0 0 0 0 0 0 0 0 0 0 0 0 0 0 0 0      0 0 0 1 0 0 0 0 0 0 0 0 0 0 0 0 0 0 0 0      0 1 0 0 0 0 0 0 0 0 0 0 0 0 0 0 0 0 0 0      0 0 0 0 0 0 0 0 0 0 0 0 0 0 0 0 1 0 0 0      91.36      93.21      49.55        
0 0 0 1 0 0 0 0 0 0 0 0 0 0 0 0 0 0 0 0      0 1 0 0 0 0 0 0 0 0 0 0 0 0 0 0 0 0 0 0      0 0 0 0 0 0 0 0 0 0 0 0 0 0 0 0 1 0 0 0      0 1 0 0 0 0 0 0 0 0 0 0 0 0 0 0 0 0 0 0      93.21      90.67      49.64        
0 1 0 0 0 0 0 0 0 0 0 0 0 0 0 0 0 0 0 0      0 0 0 0 0 0 0 0 0 0 0 0 0 0 0 0 1 0 0 0      0 1 0 0 0 0 0 0 0 0 0 0 0 0 0 0 0 0 0 0      1 0 0 0 0 0 0 0 0 0 0 0 0 0 0 0 0 0 0 0      90.67      92.96      48.5        
0 0 0 0 0 0 0 0 0 0 0 0 0 0 0 0 1 0 0 0      0 1 0 0 0 0 0 0 0 0 0 0 0 0 0 0 0 0 0 0      1 0 0 0 0 0 0 0 0 0 0 0 0 0 0 0 0 0 0 0      0 0 0 0 0 0 0 0 0 0 0 0 0 0 0 0 1 0 0 0      92.96      94.52      47.64        
0 1 0 0 0 0 0 0 0 0 0 0 0 0 0 0 0 0 0 0      1 0 0 0 0 0 0 0 0 0 0 0 0 0 0 0 0 0 0 0      0 0 0 0 0 0 0 0 0 0 0 0 0 0 0 0 1 0 0 0      0 0 0 0 0 0 0 1 0 0 0 0 0 0 0 0 0 0 0 0      94.52      104.69      33.68        
1 0 0 0 0 0 0 0 0 0 0 0 0 0 0 0 0 0 0 0      0 0 0 0 0 0 0 0 0 0 0 0 0 0 0 0 1 0 0 0      0 0 0 0 0 0 0 1 0 0 0 0 0 0 0 0 0 0 0 0      0 0 0 0 0 0 0 0 0 0 0 0 0 0 0 0 0 1 0 0      104.69      95.65      33.26        
0 0 0 0 0 0 0 0 0 0 0 0 0 0 0 0 1 0 0 0      0 0 0 0 0 0 0 1 0 0 0 0 0 0 0 0 0 0 0 0      0 0 0 0 0 0 0 0 0 0 0 0 0 0 0 0 0 1 0 0      0 0 0 0 0 0 0 0 0 0 0 0 1 0 0 0 0 0 0 0      95.65      146.97      90.5        
0 0 0 0 0 0 0 1 0 0 0 0 0 0 0 0 0 0 0 0      0 0 0 0 0 0 0 0 0 0 0 0 0 0 0 0 0 1 0 0      0 0 0 0 0 0 0 0 0 0 0 0 1 0 0 0 0 0 0 0      0 0 0 0 0 0 0 0 0 0 0 0 1 0 0 0 0 0 0 0      146.97      76.02      110.1        
0 0 0 0 0 0 0 0 0 0 0 0 0 0 0 0 0 1 0 0      0 0 0 0 0 0 0 0 0 0 0 0 1 0 0 0 0 0 0 0      0 0 0 0 0 0 0 0 0 0 0 0 1 0 0 0 0 0 0 0      0 0 0 0 0 0 1 0 0 0 0 0 0 0 0 0 0 0 0 0      76.02      78.65      52.75        
0 0 0 0 0 0 0 0 0 0 0 0 1 0 0 0 0 0 0 0      0 0 0 0 0 0 0 0 0 0 0 0 1 0 0 0 0 0 0 0      0 0 0 0 0 0 1 0 0 0 0 0 0 0 0 0 0 0 0 0      0 0 0 1 0 0 0 0 0 0 0 0 0 0 0 0 0 0 0 0      78.65      107.28      120.84        
0 0 0 0 0 0 0 0 0 0 0 0 1 0 0 0 0 0 0 0      0 0 0 0 0 0 1 0 0 0 0 0 0 0 0 0 0 0 0 0      0 0 0 1 0 0 0 0 0 0 0 0 0 0 0 0 0 0 0 0      0 0 0 0 0 0 0 0 0 1 0 0 0 0 0 0 0 0 0 0      107.28      96.63      163.61        
0 0 0 0 0 0 1 0 0 0 0 0 0 0 0 0 0 0 0 0      0 0 0 1 0 0 0 0 0 0 0 0 0 0 0 0 0 0 0 0      0 0 0 0 0 0 0 0 0 1 0 0 0 0 0 0 0 0 0 0      0 1 0 0 0 0 0 0 0 0 0 0 0 0 0 0 0 0 0 0      96.63      95.49      43.39        
0 0 0 1 0 0 0 0 0 0 0 0 0 0 0 0 0 0 0 0      0 0 0 0 0 0 0 0 0 1 0 0 0 0 0 0 0 0 0 0      0 1 0 0 0 0 0 0 0 0 0 0 0 0 0 0 0 0 0 0      0 0 0 0 0 0 0 0 0 1 0 0 0 0 0 0 0 0 0 0      95.49      88.81      44.06        
0 0 0 0 0 0 0 0 0 1 0 0 0 0 0 0 0 0 0 0      0 1 0 0 0 0 0 0 0 0 0 0 0 0 0 0 0 0 0 0      0 0 0 0 0 0 0 0 0 1 0 0 0 0 0 0 0 0 0 0      0 0 0 0 0 0 0 0 0 0 0 0 1 0 0 0 0 0 0 0      88.81      90.35      50.65        
0 1 0 0 0 0 0 0 0 0 0 0 0 0 0 0 0 0 0 0      0 0 0 0 0 0 0 0 0 1 0 0 0 0 0 0 0 0 0 0      0 0 0 0 0 0 0 0 0 0 0 0 1 0 0 0 0 0 0 0      0 1 0 0 0 0 0 0 0 0 0 0 0 0 0 0 0 0 0 0      90.35      91.57      49.4        
0 0 0 0 0 0 0 0 0 1 0 0 0 0 0 0 0 0 0 0      0 0 0 0 0 0 0 0 0 0 0 0 1 0 0 0 0 0 0 0      0 1 0 0 0 0 0 0 0 0 0 0 0 0 0 0 0 0 0 0      0 1 0 0 0 0 0 0 0 0 0 0 0 0 0 0 0 0 0 0      91.57      90.23      48.7        
0 0 0 0 0 0 0 0 0 0 0 0 1 0 0 0 0 0 0 0      0 1 0 0 0 0 0 0 0 0 0 0 0 0 0 0 0 0 0 0      0 1 0 0 0 0 0 0 0 0 0 0 0 0 0 0 0 0 0 0      0 0 0 0 0 0 0 0 0 0 0 0 0 1 0 0 0 0 0 0      90.23      99.18      54.78        
