0 0 0 0 0 0 0 0 0 0 0 0 0 0 1 0 0 0 0 0      0 0 0 1 0 0 0 0 0 0 0 0 0 0 0 0 0 0 0 0      0 0 0 0 0 0 0 0 0 0 0 0 0 1 0 0 0 0 0 0      0 1 0 0 0 0 0 0 0 0 0 0 0 0 0 0 0 0 0 0      108.14      125.4      173.17        
0 0 0 1 0 0 0 0 0 0 0 0 0 0 0 0 0 0 0 0      0 0 0 0 0 0 0 0 0 0 0 0 0 1 0 0 0 0 0 0      0 1 0 0 0 0 0 0 0 0 0 0 0 0 0 0 0 0 0 0      0 0 0 0 0 0 0 0 0 0 1 0 0 0 0 0 0 0 0 0      125.4      101.73      147.09        
0 0 0 0 0 0 0 0 0 0 0 0 0 1 0 0 0 0 0 0      0 1 0 0 0 0 0 0 0 0 0 0 0 0 0 0 0 0 0 0      0 0 0 0 0 0 0 0 0 0 1 0 0 0 0 0 0 0 0 0      1 0 0 0 0 0 0 0 0 0 0 0 0 0 0 0 0 0 0 0      101.73      127.0      148.46        
0 1 0 0 0 0 0 0 0 0 0 0 0 0 0 0 0 0 0 0      0 0 0 0 0 0 0 0 0 0 1 0 0 0 0 0 0 0 0 0      1 0 0 0 0 0 0 0 0 0 0 0 0 0 0 0 0 0 0 0      1 0 0 0 0 0 0 0 0 0 0 0 0 0 0 0 0 0 0 0      127.0      88.67      101.79        
0 0 0 0 0 0 0 0 0 0 1 0 0 0 0 0 0 0 0 0      1 0 0 0 0 0 0 0 0 0 0 0 0 0 0 0 0 0 0 0      1 0 0 0 0 0 0 0 0 0 0 0 0 0 0 0 0 0 0 0      0 0 0 0 0 1 0 0 0 0 0 0 0 0 0 0 0 0 0 0      88.67      91.22      52.61        
1 0 0 0 0 0 0 0 0 0 0 0 0 0 0 0 0 0 0 0      1 0 0 0 0 0 0 0 0 0 0 0 0 0 0 0 0 0 0 0      0 0 0 0 0 1 0 0 0 0 0 0 0 0 0 0 0 0 0 0      0 0 0 0 0 1 0 0 0 0 0 0 0 0 0 0 0 0 0 0      91.22      94.89      51.64        
1 0 0 0 0 0 0 0 0 0 0 0 0 0 0 0 0 0 0 0      0 0 0 0 0 1 0 0 0 0 0 0 0 0 0 0 0 0 0 0      0 0 0 0 0 1 0 0 0 0 0 0 0 0 0 0 0 0 0 0      0 0 0 0 0 0 1 0 0 0 0 0 0 0 0 0 0 0 0 0      94.89      87.43      46.42        
0 0 0 0 0 1 0 0 0 0 0 0 0 0 0 0 0 0 0 0      0 0 0 0 0 1 0 0 0 0 0 0 0 0 0 0 0 0 0 0      0 0 0 0 0 0 1 0 0 0 0 0 0 0 0 0 0 0 0 0      0 0 0 0 0 0 0 0 1 0 0 0 0 0 0 0 0 0 0 0      87.43      91.64      53.67        
0 0 0 0 0 1 0 0 0 0 0 0 0 0 0 0 0 0 0 0      0 0 0 0 0 0 1 0 0 0 0 0 0 0 0 0 0 0 0 0      0 0 0 0 0 0 0 0 1 0 0 0 0 0 0 0 0 0 0 0      0 0 0 0 0 0 0 0 1 0 0 0 0 0 0 0 0 0 0 0      91.64      90.55      49.86        
0 0 0 0 0 0 1 0 0 0 0 0 0 0 0 0 0 0 0 0      0 0 0 0 0 0 0 0 1 0 0 0 0 0 0 0 0 0 0 0      0 0 0 0 0 0 0 0 1 0 0 0 0 0 0 0 0 0 0 0      0 0 0 0 0 0 0 0 0 0 0 0 0 0 0 1 0 0 0 0      90.55      92.68      47.42        
0 0 0 0 0 0 0 0 1 0 0 0 0 0 0 0 0 0 0 0      0 0 0 0 0 0 0 0 1 0 0 0 0 0 0 0 0 0 0 0      0 0 0 0 0 0 0 0 0 0 0 0 0 0 0 1 0 0 0 0      0 0 0 0 0 0 0 0 1 0 0 0 0 0 0 0 0 0 0 0      92.68      89.97      50.35        
0 0 0 0 0 0 0 0 1 0 0 0 0 0 0 0 0 0 0 0      0 0 0 0 0 0 0 0 0 0 0 0 0 0 0 1 0 0 0 0      0 0 0 0 0 0 0 0 1 0 0 0 0 0 0 0 0 0 0 0      0 1 0 0 0 0 0 0 0 0 0 0 0 0 0 0 0 0 0 0      89.97      94.39      47.1        
0 0 0 0 0 0 0 0 0 0 0 0 0 0 0 1 0 0 0 0      0 0 0 0 0 0 0 0 1 0 0 0 0 0 0 0 0 0 0 0      0 1 0 0 0 0 0 0 0 0 0 0 0 0 0 0 0 0 0 0      0 1 0 0 0 0 0 0 0 0 0 0 0 0 0 0 0 0 0 0      94.39      92.31      46.55        
0 0 0 0 0 0 0 0 1 0 0 0 0 0 0 0 0 0 0 0      0 1 0 0 0 0 0 0 0 0 0 0 0 0 0 0 0 0 0 0      0 1 0 0 0 0 0 0 0 0 0 0 0 0 0 0 0 0 0 0      0 0 0 0 1 0 0 0 0 0 0 0 0 0 0 0 0 0 0 0      92.31      91.54      52.08        
0 1 0 0 0 0 0 0 0 0 0 0 0 0 0 0 0 0 0 0      0 1 0 0 0 0 0 0 0 0 0 0 0 0 0 0 0 0 0 0      0 0 0 0 1 0 0 0 0 0 0 0 0 0 0 0 0 0 0 0      0 0 0 0 0 0 0 0 0 0 0 0 0 0 0 1 0 0 0 0      91.54      91.08      43.18        
0 1 0 0 0 0 0 0 0 0 0 0 0 0 0 0 0 0 0 0      0 0 0 0 1 0 0 0 0 0 0 0 0 0 0 0 0 0 0 0      0 0 0 0 0 0 0 0 0 0 0 0 0 0 0 1 0 0 0 0      0 0 0 0 0 0 1 0 0 0 0 0 0 0 0 0 0 0 0 0      91.08      88.76      53.8        
0 0 0 0 1 0 0 0 0 0 0 0 0 0 0 0 0 0 0 0      0 0 0 0 0 0 0 0 0 0 0 0 0 0 0 1 0 0 0 0      0 0 0 0 0 0 1 0 0 0 0 0 0 0 0 0 0 0 0 0      0 0 0 0 0 0 1 0 0 0 0 0 0 0 0 0 0 0 0 0      88.76      90.94      46.74        
0 0 0 0 0 0 0 0 0 0 0 0 0 0 0 1 0 0 0 0      0 0 0 0 0 0 1 0 0 0 0 0 0 0 0 0 0 0 0 0      0 0 0 0 0 0 1 0 0 0 0 0 0 0 0 0 0 0 0 0      0 0 0 0 0 0 0 0 0 0 0 0 0 1 0 0 0 0 0 0      90.94      90.96      52.75        
0 0 0 0 0 0 1 0 0 0 0 0 0 0 0 0 0 0 0 0      0 0 0 0 0 0 1 0 0 0 0 0 0 0 0 0 0 0 0 0      0 0 0 0 0 0 0 0 0 0 0 0 0 1 0 0 0 0 0 0      0 0 1 0 0 0 0 0 0 0 0 0 0 0 0 0 0 0 0 0      90.96      91.97      50.36        
0 0 0 0 0 0 1 0 0 0 0 0 0 0 0 0 0 0 0 0      0 0 0 0 0 0 0 0 0 0 0 0 0 1 0 0 0 0 0 0      0 0 1 0 0 0 0 0 0 0 0 0 0 0 0 0 0 0 0 0      0 0 0 0 0 0 0 0 0 0 0 1 0 0 0 0 0 0 0 0      91.97      105.35      37.48        
0 0 0 0 0 0 0 0 0 0 0 0 0 1 0 0 0 0 0 0      0 0 1 0 0 0 0 0 0 0 0 0 0 0 0 0 0 0 0 0      0 0 0 0 0 0 0 0 0 0 0 1 0 0 0 0 0 0 0 0      0 0 0 0 1 0 0 0 0 0 0 0 0 0 0 0 0 0 0 0      105.35      118.1      64.85        
0 0 1 0 0 0 0 0 0 0 0 0 0 0 0 0 0 0 0 0      0 0 0 0 0 0 0 0 0 0 0 1 0 0 0 0 0 0 0 0      0 0 0 0 1 0 0 0 0 0 0 0 0 0 0 0 0 0 0 0      0 0 0 1 0 0 0 0 0 0 0 0 0 0 0 0 0 0 0 0      118.1      106.95      167.07        
0 0 0 0 0 0 0 0 0 0 0 1 0 0 0 0 0 0 0 0      0 0 0 0 1 0 0 0 0 0 0 0 0 0 0 0 0 0 0 0      0 0 0 1 0 0 0 0 0 0 0 0 0 0 0 0 0 0 0 0      0 0 1 0 0 0 0 0 0 0 0 0 0 0 0 0 0 0 0 0      106.95      88.24      165.55        
0 0 0 0 1 0 0 0 0 0 0 0 0 0 0 0 0 0 0 0      0 0 0 1 0 0 0 0 0 0 0 0 0 0 0 0 0 0 0 0      0 0 1 0 0 0 0 0 0 0 0 0 0 0 0 0 0 0 0 0      0 0 0 0 0 0 0 0 0 0 0 1 0 0 0 0 0 0 0 0      88.24      89.93      65.51        
0 0 0 1 0 0 0 0 0 0 0 0 0 0 0 0 0 0 0 0      0 0 1 0 0 0 0 0 0 0 0 0 0 0 0 0 0 0 0 0      0 0 0 0 0 0 0 0 0 0 0 1 0 0 0 0 0 0 0 0      0 0 0 0 0 0 0 0 0 0 0 0 0 0 0 1 0 0 0 0      89.93      90.1      147.45        
0 0 1 0 0 0 0 0 0 0 0 0 0 0 0 0 0 0 0 0      0 0 0 0 0 0 0 0 0 0 0 1 0 0 0 0 0 0 0 0      0 0 0 0 0 0 0 0 0 0 0 0 0 0 0 1 0 0 0 0      0 0 0 0 1 0 0 0 0 0 0 0 0 0 0 0 0 0 0 0      90.1      97.04      152.91        
0 0 0 0 0 0 0 0 0 0 0 1 0 0 0 0 0 0 0 0      0 0 0 0 0 0 0 0 0 0 0 0 0 0 0 1 0 0 0 0      0 0 0 0 1 0 0 0 0 0 0 0 0 0 0 0 0 0 0 0      0 0 0 0 0 0 0 1 0 0 0 0 0 0 0 0 0 0 0 0      97.04      91.63      61.87        
0 0 0 0 0 0 0 0 0 0 0 0 0 0 0 1 0 0 0 0      0 0 0 0 1 0 0 0 0 0 0 0 0 0 0 0 0 0 0 0      0 0 0 0 0 0 0 1 0 0 0 0 0 0 0 0 0 0 0 0      0 0 0 0 0 0 0 0 0 0 0 0 0 0 1 0 0 0 0 0      91.63      86.97      87.75        
0 0 0 0 1 0 0 0 0 0 0 0 0 0 0 0 0 0 0 0      0 0 0 0 0 0 0 1 0 0 0 0 0 0 0 0 0 0 0 0      0 0 0 0 0 0 0 0 0 0 0 0 0 0 1 0 0 0 0 0      0 0 0 0 1 0 0 0 0 0 0 0 0 0 0 0 0 0 0 0      86.97      88.27      67.55        
0 0 0 0 0 0 0 1 0 0 0 0 0 0 0 0 0 0 0 0      0 0 0 0 0 0 0 0 0 0 0 0 0 0 1 0 0 0 0 0      0 0 0 0 1 0 0 0 0 0 0 0 0 0 0 0 0 0 0 0      0 0 0 0 0 0 0 1 0 0 0 0 0 0 0 0 0 0 0 0      88.27      93.43      61.76        
0 0 0 0 0 0 0 0 0 0 0 0 0 0 1 0 0 0 0 0      0 0 0 0 1 0 0 0 0 0 0 0 0 0 0 0 0 0 0 0      0 0 0 0 0 0 0 1 0 0 0 0 0 0 0 0 0 0 0 0      0 0 0 0 0 0 0 0 0 0 0 0 0 0 1 0 0 0 0 0      93.43      123.38      91.61        
0 0 0 0 1 0 0 0 0 0 0 0 0 0 0 0 0 0 0 0      0 0 0 0 0 0 0 1 0 0 0 0 0 0 0 0 0 0 0 0      0 0 0 0 0 0 0 0 0 0 0 0 0 0 1 0 0 0 0 0      0 0 0 1 0 0 0 0 0 0 0 0 0 0 0 0 0 0 0 0      123.38      102.02      85.69        
0 0 0 0 0 0 0 1 0 0 0 0 0 0 0 0 0 0 0 0      0 0 0 0 0 0 0 0 0 0 0 0 0 0 1 0 0 0 0 0      0 0 0 1 0 0 0 0 0 0 0 0 0 0 0 0 0 0 0 0      0 0 0 1 0 0 0 0 0 0 0 0 0 0 0 0 0 0 0 0      102.02      124.13      91.8        
0 0 0 0 0 0 0 0 0 0 0 0 0 0 1 0 0 0 0 0      0 0 0 1 0 0 0 0 0 0 0 0 0 0 0 0 0 0 0 0      0 0 0 1 0 0 0 0 0 0 0 0 0 0 0 0 0 0 0 0      0 0 0 0 0 0 0 0 0 0 0 0 0 0 0 0 1 0 0 0      124.13      116.69      107.9        
0 0 0 1 0 0 0 0 0 0 0 0 0 0 0 0 0 0 0 0      0 0 0 1 0 0 0 0 0 0 0 0 0 0 0 0 0 0 0 0      0 0 0 0 0 0 0 0 0 0 0 0 0 0 0 0 1 0 0 0      0 0 0 0 0 0 0 0 0 0 0 0 0 0 1 0 0 0 0 0      116.69      118.19      159.14        
0 0 0 1 0 0 0 0 0 0 0 0 0 0 0 0 0 0 0 0      0 0 0 0 0 0 0 0 0 0 0 0 0 0 0 0 1 0 0 0      0 0 0 0 0 0 0 0 0 0 0 0 0 0 1 0 0 0 0 0      0 0 0 0 0 0 0 0 0 1 0 0 0 0 0 0 0 0 0 0      118.19      100.66      170.33        
0 0 0 0 0 0 0 0 0 0 0 0 0 0 0 0 1 0 0 0      0 0 0 0 0 0 0 0 0 0 0 0 0 0 1 0 0 0 0 0      0 0 0 0 0 0 0 0 0 1 0 0 0 0 0 0 0 0 0 0      0 0 0 0 0 0 0 0 0 0 1 0 0 0 0 0 0 0 0 0      100.66      94.25      79.94        
0 0 0 0 0 0 0 0 0 0 0 0 0 0 1 0 0 0 0 0      0 0 0 0 0 0 0 0 0 1 0 0 0 0 0 0 0 0 0 0      0 0 0 0 0 0 0 0 0 0 1 0 0 0 0 0 0 0 0 0      0 0 0 1 0 0 0 0 0 0 0 0 0 0 0 0 0 0 0 0      94.25      163.51      12.6        
0 0 0 0 0 0 0 0 0 1 0 0 0 0 0 0 0 0 0 0      0 0 0 0 0 0 0 0 0 0 1 0 0 0 0 0 0 0 0 0      0 0 0 1 0 0 0 0 0 0 0 0 0 0 0 0 0 0 0 0      0 1 0 0 0 0 0 0 0 0 0 0 0 0 0 0 0 0 0 0      163.51      106.69      7.29        
0 0 0 0 0 0 0 0 0 0 1 0 0 0 0 0 0 0 0 0      0 0 0 1 0 0 0 0 0 0 0 0 0 0 0 0 0 0 0 0      0 1 0 0 0 0 0 0 0 0 0 0 0 0 0 0 0 0 0 0      0 0 0 0 0 0 0 0 0 0 1 0 0 0 0 0 0 0 0 0      106.69      88.19      22.1        
0 0 0 1 0 0 0 0 0 0 0 0 0 0 0 0 0 0 0 0      0 1 0 0 0 0 0 0 0 0 0 0 0 0 0 0 0 0 0 0      0 0 0 0 0 0 0 0 0 0 1 0 0 0 0 0 0 0 0 0      0 0 0 0 0 0 0 0 0 1 0 0 0 0 0 0 0 0 0 0      88.19      89.34      152.24        
0 1 0 0 0 0 0 0 0 0 0 0 0 0 0 0 0 0 0 0      0 0 0 0 0 0 0 0 0 0 1 0 0 0 0 0 0 0 0 0      0 0 0 0 0 0 0 0 0 1 0 0 0 0 0 0 0 0 0 0      0 1 0 0 0 0 0 0 0 0 0 0 0 0 0 0 0 0 0 0      89.34      95.4      51.93        
0 0 0 0 0 0 0 0 0 0 1 0 0 0 0 0 0 0 0 0      0 0 0 0 0 0 0 0 0 1 0 0 0 0 0 0 0 0 0 0      0 1 0 0 0 0 0 0 0 0 0 0 0 0 0 0 0 0 0 0      0 0 0 1 0 0 0 0 0 0 0 0 0 0 0 0 0 0 0 0      95.4      97.18      93.67        
0 0 0 0 0 0 0 0 0 1 0 0 0 0 0 0 0 0 0 0      0 1 0 0 0 0 0 0 0 0 0 0 0 0 0 0 0 0 0 0      0 0 0 1 0 0 0 0 0 0 0 0 0 0 0 0 0 0 0 0      0 0 0 0 0 0 1 0 0 0 0 0 0 0 0 0 0 0 0 0      97.18      93.75      47.41        
0 1 0 0 0 0 0 0 0 0 0 0 0 0 0 0 0 0 0 0      0 0 0 1 0 0 0 0 0 0 0 0 0 0 0 0 0 0 0 0      0 0 0 0 0 0 1 0 0 0 0 0 0 0 0 0 0 0 0 0      0 1 0 0 0 0 0 0 0 0 0 0 0 0 0 0 0 0 0 0      93.75      96.38      42.01        
0 0 0 1 0 0 0 0 0 0 0 0 0 0 0 0 0 0 0 0      0 0 0 0 0 0 1 0 0 0 0 0 0 0 0 0 0 0 0 0      0 1 0 0 0 0 0 0 0 0 0 0 0 0 0 0 0 0 0 0      0 0 0 0 0 0 0 0 0 0 0 0 0 0 0 1 0 0 0 0      96.38      92.47      44.18        
0 0 0 0 0 0 1 0 0 0 0 0 0 0 0 0 0 0 0 0      0 1 0 0 0 0 0 0 0 0 0 0 0 0 0 0 0 0 0 0      0 0 0 0 0 0 0 0 0 0 0 0 0 0 0 1 0 0 0 0      0 0 0 0 1 0 0 0 0 0 0 0 0 0 0 0 0 0 0 0      92.47      86.87      56.14        
0 1 0 0 0 0 0 0 0 0 0 0 0 0 0 0 0 0 0 0      0 0 0 0 0 0 0 0 0 0 0 0 0 0 0 1 0 0 0 0      0 0 0 0 1 0 0 0 0 0 0 0 0 0 0 0 0 0 0 0      0 1 0 0 0 0 0 0 0 0 0 0 0 0 0 0 0 0 0 0      86.87      92.47      45.94        
0 0 0 0 0 0 0 0 0 0 0 0 0 0 0 1 0 0 0 0      0 0 0 0 1 0 0 0 0 0 0 0 0 0 0 0 0 0 0 0      0 1 0 0 0 0 0 0 0 0 0 0 0 0 0 0 0 0 0 0      0 0 0 0 0 0 0 0 0 0 0 0 0 0 0 0 1 0 0 0      92.47      91.57      49.97        
0 0 0 0 1 0 0 0 0 0 0 0 0 0 0 0 0 0 0 0      0 1 0 0 0 0 0 0 0 0 0 0 0 0 0 0 0 0 0 0      0 0 0 0 0 0 0 0 0 0 0 0 0 0 0 0 1 0 0 0      0 0 0 0 0 0 0 0 0 0 1 0 0 0 0 0 0 0 0 0      91.57      91.68      44.7        
0 1 0 0 0 0 0 0 0 0 0 0 0 0 0 0 0 0 0 0      0 0 0 0 0 0 0 0 0 0 0 0 0 0 0 0 1 0 0 0      0 0 0 0 0 0 0 0 0 0 1 0 0 0 0 0 0 0 0 0      0 0 0 0 0 0 0 0 0 0 0 1 0 0 0 0 0 0 0 0      91.68      89.91      53.37        
0 0 0 0 0 0 0 0 0 0 0 0 0 0 0 0 1 0 0 0      0 0 0 0 0 0 0 0 0 0 1 0 0 0 0 0 0 0 0 0      0 0 0 0 0 0 0 0 0 0 0 1 0 0 0 0 0 0 0 0      0 0 0 0 0 0 0 0 0 0 1 0 0 0 0 0 0 0 0 0      89.91      89.58      45.73        
0 0 0 0 0 0 0 0 0 0 1 0 0 0 0 0 0 0 0 0      0 0 0 0 0 0 0 0 0 0 0 1 0 0 0 0 0 0 0 0      0 0 0 0 0 0 0 0 0 0 1 0 0 0 0 0 0 0 0 0      0 0 0 0 0 0 0 0 1 0 0 0 0 0 0 0 0 0 0 0      89.58      90.3      53.21        
0 0 0 0 0 0 0 0 0 0 0 1 0 0 0 0 0 0 0 0      0 0 0 0 0 0 0 0 0 0 1 0 0 0 0 0 0 0 0 0      0 0 0 0 0 0 0 0 1 0 0 0 0 0 0 0 0 0 0 0      0 0 0 0 0 1 0 0 0 0 0 0 0 0 0 0 0 0 0 0      90.3      88.51      55.23        
0 0 0 0 0 0 0 0 0 0 1 0 0 0 0 0 0 0 0 0      0 0 0 0 0 0 0 0 1 0 0 0 0 0 0 0 0 0 0 0      0 0 0 0 0 1 0 0 0 0 0 0 0 0 0 0 0 0 0 0      0 0 0 0 0 0 0 0 0 0 0 0 0 1 0 0 0 0 0 0      88.51      91.74      51.76        
0 0 0 0 0 0 0 0 1 0 0 0 0 0 0 0 0 0 0 0      0 0 0 0 0 1 0 0 0 0 0 0 0 0 0 0 0 0 0 0      0 0 0 0 0 0 0 0 0 0 0 0 0 1 0 0 0 0 0 0      0 0 0 0 0 0 0 0 0 0 0 0 0 0 0 0 1 0 0 0      91.74      92.11      46.58        
0 0 0 0 0 1 0 0 0 0 0 0 0 0 0 0 0 0 0 0      0 0 0 0 0 0 0 0 0 0 0 0 0 1 0 0 0 0 0 0      0 0 0 0 0 0 0 0 0 0 0 0 0 0 0 0 1 0 0 0      0 0 0 0 0 0 0 0 1 0 0 0 0 0 0 0 0 0 0 0      92.11      89.98      52.51        
0 0 0 0 0 0 0 0 0 0 0 0 0 1 0 0 0 0 0 0      0 0 0 0 0 0 0 0 0 0 0 0 0 0 0 0 1 0 0 0      0 0 0 0 0 0 0 0 1 0 0 0 0 0 0 0 0 0 0 0      0 0 0 0 0 0 0 0 0 0 0 0 0 0 0 0 0 1 0 0      89.98      89.44      49.02        
0 0 0 0 0 0 0 0 0 0 0 0 0 0 0 0 1 0 0 0      0 0 0 0 0 0 0 0 1 0 0 0 0 0 0 0 0 0 0 0      0 0 0 0 0 0 0 0 0 0 0 0 0 0 0 0 0 1 0 0      0 0 0 0 0 0 0 1 0 0 0 0 0 0 0 0 0 0 0 0      89.44      89.67      51.62        
0 0 0 0 0 0 0 0 1 0 0 0 0 0 0 0 0 0 0 0      0 0 0 0 0 0 0 0 0 0 0 0 0 0 0 0 0 1 0 0      0 0 0 0 0 0 0 1 0 0 0 0 0 0 0 0 0 0 0 0      0 0 0 0 0 0 0 0 0 0 0 0 0 0 0 1 0 0 0 0      89.67      93.96      45.87        
0 0 0 0 0 0 0 0 0 0 0 0 0 0 0 0 0 1 0 0      0 0 0 0 0 0 0 1 0 0 0 0 0 0 0 0 0 0 0 0      0 0 0 0 0 0 0 0 0 0 0 0 0 0 0 1 0 0 0 0      0 0 0 0 0 0 0 0 0 0 0 0 0 1 0 0 0 0 0 0      93.96      93.79      54.47        
0 0 0 0 0 0 0 1 0 0 0 0 0 0 0 0 0 0 0 0      0 0 0 0 0 0 0 0 0 0 0 0 0 0 0 1 0 0 0 0      0 0 0 0 0 0 0 0 0 0 0 0 0 1 0 0 0 0 0 0      0 0 0 0 0 0 0 0 0 1 0 0 0 0 0 0 0 0 0 0      93.79      89.21      58.74        
0 0 0 0 0 0 0 0 0 0 0 0 0 0 0 1 0 0 0 0      0 0 0 0 0 0 0 0 0 0 0 0 0 1 0 0 0 0 0 0      0 0 0 0 0 0 0 0 0 1 0 0 0 0 0 0 0 0 0 0      0 0 0 0 0 0 0 0 1 0 0 0 0 0 0 0 0 0 0 0      89.21      95.32      52.37        
0 0 0 0 0 0 0 0 0 0 0 0 0 1 0 0 0 0 0 0      0 0 0 0 0 0 0 0 0 1 0 0 0 0 0 0 0 0 0 0      0 0 0 0 0 0 0 0 1 0 0 0 0 0 0 0 0 0 0 0      0 0 0 1 0 0 0 0 0 0 0 0 0 0 0 0 0 0 0 0      95.32      106.11      116.14        
0 0 0 0 0 0 0 0 0 1 0 0 0 0 0 0 0 0 0 0      0 0 0 0 0 0 0 0 1 0 0 0 0 0 0 0 0 0 0 0      0 0 0 1 0 0 0 0 0 0 0 0 0 0 0 0 0 0 0 0      0 0 0 0 0 0 0 0 0 0 0 0 0 0 0 0 0 1 0 0      106.11      105.79      107.1        
0 0 0 0 0 0 0 0 1 0 0 0 0 0 0 0 0 0 0 0      0 0 0 1 0 0 0 0 0 0 0 0 0 0 0 0 0 0 0 0      0 0 0 0 0 0 0 0 0 0 0 0 0 0 0 0 0 1 0 0      0 0 0 0 0 0 0 1 0 0 0 0 0 0 0 0 0 0 0 0      105.79      96.17      13.85        
0 0 0 1 0 0 0 0 0 0 0 0 0 0 0 0 0 0 0 0      0 0 0 0 0 0 0 0 0 0 0 0 0 0 0 0 0 1 0 0      0 0 0 0 0 0 0 1 0 0 0 0 0 0 0 0 0 0 0 0      0 0 0 0 0 0 0 0 0 0 0 0 0 0 1 0 0 0 0 0      96.17      90.44      102.86        
0 0 0 0 0 0 0 0 0 0 0 0 0 0 0 0 0 1 0 0      0 0 0 0 0 0 0 1 0 0 0 0 0 0 0 0 0 0 0 0      0 0 0 0 0 0 0 0 0 0 0 0 0 0 1 0 0 0 0 0      0 0 0 0 0 0 0 0 0 0 0 0 0 0 1 0 0 0 0 0      90.44      86.02      145.63        
0 0 0 0 0 0 0 1 0 0 0 0 0 0 0 0 0 0 0 0      0 0 0 0 0 0 0 0 0 0 0 0 0 0 1 0 0 0 0 0      0 0 0 0 0 0 0 0 0 0 0 0 0 0 1 0 0 0 0 0      0 0 0 0 1 0 0 0 0 0 0 0 0 0 0 0 0 0 0 0      86.02      89.16      90.15        
0 0 0 0 0 0 0 0 0 0 0 0 0 0 1 0 0 0 0 0      0 0 0 0 0 0 0 0 0 0 0 0 0 0 1 0 0 0 0 0      0 0 0 0 1 0 0 0 0 0 0 0 0 0 0 0 0 0 0 0      0 1 0 0 0 0 0 0 0 0 0 0 0 0 0 0 0 0 0 0      89.16      87.2      159.24        
0 0 0 0 0 0 0 0 0 0 0 0 0 0 1 0 0 0 0 0      0 0 0 0 1 0 0 0 0 0 0 0 0 0 0 0 0 0 0 0      0 1 0 0 0 0 0 0 0 0 0 0 0 0 0 0 0 0 0 0      0 0 1 0 0 0 0 0 0 0 0 0 0 0 0 0 0 0 0 0      87.2      124.02      90.71        
0 0 0 0 1 0 0 0 0 0 0 0 0 0 0 0 0 0 0 0      0 1 0 0 0 0 0 0 0 0 0 0 0 0 0 0 0 0 0 0      0 0 1 0 0 0 0 0 0 0 0 0 0 0 0 0 0 0 0 0      0 0 0 0 0 0 0 0 0 0 1 0 0 0 0 0 0 0 0 0      124.02      118.13      96.45        
0 1 0 0 0 0 0 0 0 0 0 0 0 0 0 0 0 0 0 0      0 0 1 0 0 0 0 0 0 0 0 0 0 0 0 0 0 0 0 0      0 0 0 0 0 0 0 0 0 0 1 0 0 0 0 0 0 0 0 0      0 0 0 0 1 0 0 0 0 0 0 0 0 0 0 0 0 0 0 0      118.13      87.19      114.63        
0 0 1 0 0 0 0 0 0 0 0 0 0 0 0 0 0 0 0 0      0 0 0 0 0 0 0 0 0 0 1 0 0 0 0 0 0 0 0 0      0 0 0 0 1 0 0 0 0 0 0 0 0 0 0 0 0 0 0 0      0 0 0 0 1 0 0 0 0 0 0 0 0 0 0 0 0 0 0 0      87.19      93.58      55.67        
0 0 0 0 0 0 0 0 0 0 1 0 0 0 0 0 0 0 0 0      0 0 0 0 1 0 0 0 0 0 0 0 0 0 0 0 0 0 0 0      0 0 0 0 1 0 0 0 0 0 0 0 0 0 0 0 0 0 0 0      0 0 0 0 0 1 0 0 0 0 0 0 0 0 0 0 0 0 0 0      93.58      91.59      43.34        
0 0 0 0 1 0 0 0 0 0 0 0 0 0 0 0 0 0 0 0      0 0 0 0 1 0 0 0 0 0 0 0 0 0 0 0 0 0 0 0      0 0 0 0 0 1 0 0 0 0 0 0 0 0 0 0 0 0 0 0      0 0 0 0 0 0 0 0 1 0 0 0 0 0 0 0 0 0 0 0      91.59      86.01      55.36        
0 0 0 0 1 0 0 0 0 0 0 0 0 0 0 0 0 0 0 0      0 0 0 0 0 1 0 0 0 0 0 0 0 0 0 0 0 0 0 0      0 0 0 0 0 0 0 0 1 0 0 0 0 0 0 0 0 0 0 0      0 0 0 0 0 0 0 0 0 0 0 0 0 0 0 0 1 0 0 0      86.01      95.47      47.54        
0 0 0 0 0 1 0 0 0 0 0 0 0 0 0 0 0 0 0 0      0 0 0 0 0 0 0 0 1 0 0 0 0 0 0 0 0 0 0 0      0 0 0 0 0 0 0 0 0 0 0 0 0 0 0 0 1 0 0 0      0 1 0 0 0 0 0 0 0 0 0 0 0 0 0 0 0 0 0 0      95.47      91.91      48.46        
0 0 0 0 0 0 0 0 1 0 0 0 0 0 0 0 0 0 0 0      0 0 0 0 0 0 0 0 0 0 0 0 0 0 0 0 1 0 0 0      0 1 0 0 0 0 0 0 0 0 0 0 0 0 0 0 0 0 0 0      0 1 0 0 0 0 0 0 0 0 0 0 0 0 0 0 0 0 0 0      91.91      93.53      49.8        
0 0 0 0 0 0 0 0 0 0 0 0 0 0 0 0 1 0 0 0      0 1 0 0 0 0 0 0 0 0 0 0 0 0 0 0 0 0 0 0      0 1 0 0 0 0 0 0 0 0 0 0 0 0 0 0 0 0 0 0      0 0 0 0 0 0 0 0 0 0 0 0 0 1 0 0 0 0 0 0      93.53      96.74      45.68        
0 1 0 0 0 0 0 0 0 0 0 0 0 0 0 0 0 0 0 0      0 1 0 0 0 0 0 0 0 0 0 0 0 0 0 0 0 0 0 0      0 0 0 0 0 0 0 0 0 0 0 0 0 1 0 0 0 0 0 0      0 0 0 0 0 0 0 0 0 0 1 0 0 0 0 0 0 0 0 0      96.74      93.23      50.82        
0 1 0 0 0 0 0 0 0 0 0 0 0 0 0 0 0 0 0 0      0 0 0 0 0 0 0 0 0 0 0 0 0 1 0 0 0 0 0 0      0 0 0 0 0 0 0 0 0 0 1 0 0 0 0 0 0 0 0 0      0 0 0 0 0 0 0 0 0 0 1 0 0 0 0 0 0 0 0 0      93.23      97.0      40.81        
0 0 0 0 0 0 0 0 0 0 0 0 0 1 0 0 0 0 0 0      0 0 0 0 0 0 0 0 0 0 1 0 0 0 0 0 0 0 0 0      0 0 0 0 0 0 0 0 0 0 1 0 0 0 0 0 0 0 0 0      0 0 0 0 0 0 0 0 0 0 0 0 0 0 0 1 0 0 0 0      97.0      102.52      38.49        
0 0 0 0 0 0 0 0 0 0 1 0 0 0 0 0 0 0 0 0      0 0 0 0 0 0 0 0 0 0 1 0 0 0 0 0 0 0 0 0      0 0 0 0 0 0 0 0 0 0 0 0 0 0 0 1 0 0 0 0      0 0 0 0 0 0 0 0 1 0 0 0 0 0 0 0 0 0 0 0      102.52      98.96      93.5        
0 0 0 0 0 0 0 0 0 0 1 0 0 0 0 0 0 0 0 0      0 0 0 0 0 0 0 0 0 0 0 0 0 0 0 1 0 0 0 0      0 0 0 0 0 0 0 0 1 0 0 0 0 0 0 0 0 0 0 0      1 0 0 0 0 0 0 0 0 0 0 0 0 0 0 0 0 0 0 0      98.96      89.79      43.14        
0 0 0 0 0 0 0 0 0 0 0 0 0 0 0 1 0 0 0 0      0 0 0 0 0 0 0 0 1 0 0 0 0 0 0 0 0 0 0 0      1 0 0 0 0 0 0 0 0 0 0 0 0 0 0 0 0 0 0 0      0 0 0 0 0 0 0 0 0 0 0 0 0 0 0 0 1 0 0 0      89.79      94.6      51.43        
0 0 0 0 0 0 0 0 1 0 0 0 0 0 0 0 0 0 0 0      1 0 0 0 0 0 0 0 0 0 0 0 0 0 0 0 0 0 0 0      0 0 0 0 0 0 0 0 0 0 0 0 0 0 0 0 1 0 0 0      0 0 0 0 0 0 0 0 1 0 0 0 0 0 0 0 0 0 0 0      94.6      88.65      44.53        
1 0 0 0 0 0 0 0 0 0 0 0 0 0 0 0 0 0 0 0      0 0 0 0 0 0 0 0 0 0 0 0 0 0 0 0 1 0 0 0      0 0 0 0 0 0 0 0 1 0 0 0 0 0 0 0 0 0 0 0      0 0 0 0 0 0 0 0 0 1 0 0 0 0 0 0 0 0 0 0      88.65      89.45      54.67        
0 0 0 0 0 0 0 0 0 0 0 0 0 0 0 0 1 0 0 0      0 0 0 0 0 0 0 0 1 0 0 0 0 0 0 0 0 0 0 0      0 0 0 0 0 0 0 0 0 1 0 0 0 0 0 0 0 0 0 0      0 1 0 0 0 0 0 0 0 0 0 0 0 0 0 0 0 0 0 0      89.45      89.85      46.4        
0 0 0 0 0 0 0 0 1 0 0 0 0 0 0 0 0 0 0 0      0 0 0 0 0 0 0 0 0 1 0 0 0 0 0 0 0 0 0 0      0 1 0 0 0 0 0 0 0 0 0 0 0 0 0 0 0 0 0 0      0 0 0 0 0 0 0 0 0 0 0 0 0 0 1 0 0 0 0 0      89.85      94.93      47.15        
0 0 0 0 0 0 0 0 0 1 0 0 0 0 0 0 0 0 0 0      0 1 0 0 0 0 0 0 0 0 0 0 0 0 0 0 0 0 0 0      0 0 0 0 0 0 0 0 0 0 0 0 0 0 1 0 0 0 0 0      0 0 0 0 0 0 0 0 0 0 1 0 0 0 0 0 0 0 0 0      94.93      90.87      46.49        
0 1 0 0 0 0 0 0 0 0 0 0 0 0 0 0 0 0 0 0      0 0 0 0 0 0 0 0 0 0 0 0 0 0 1 0 0 0 0 0      0 0 0 0 0 0 0 0 0 0 1 0 0 0 0 0 0 0 0 0      0 0 0 0 0 0 0 0 0 0 0 0 1 0 0 0 0 0 0 0      90.87      88.66      61.64        
0 0 0 0 0 0 0 0 0 0 0 0 0 0 1 0 0 0 0 0      0 0 0 0 0 0 0 0 0 0 1 0 0 0 0 0 0 0 0 0      0 0 0 0 0 0 0 0 0 0 0 0 1 0 0 0 0 0 0 0      0 0 0 0 0 1 0 0 0 0 0 0 0 0 0 0 0 0 0 0      88.66      86.57      79.67        
0 0 0 0 0 0 0 0 0 0 1 0 0 0 0 0 0 0 0 0      0 0 0 0 0 0 0 0 0 0 0 0 1 0 0 0 0 0 0 0      0 0 0 0 0 1 0 0 0 0 0 0 0 0 0 0 0 0 0 0      0 0 0 0 0 0 0 0 0 0 1 0 0 0 0 0 0 0 0 0      86.57      91.79      68.49        
0 0 0 0 0 0 0 0 0 0 0 0 1 0 0 0 0 0 0 0      0 0 0 0 0 1 0 0 0 0 0 0 0 0 0 0 0 0 0 0      0 0 0 0 0 0 0 0 0 0 1 0 0 0 0 0 0 0 0 0      0 0 0 0 0 0 0 1 0 0 0 0 0 0 0 0 0 0 0 0      91.79      95.8      33.75        
0 0 0 0 0 1 0 0 0 0 0 0 0 0 0 0 0 0 0 0      0 0 0 0 0 0 0 0 0 0 1 0 0 0 0 0 0 0 0 0      0 0 0 0 0 0 0 1 0 0 0 0 0 0 0 0 0 0 0 0      0 0 1 0 0 0 0 0 0 0 0 0 0 0 0 0 0 0 0 0      95.8      115.83      111.01        
0 0 0 0 0 0 0 0 0 0 1 0 0 0 0 0 0 0 0 0      0 0 0 0 0 0 0 1 0 0 0 0 0 0 0 0 0 0 0 0      0 0 1 0 0 0 0 0 0 0 0 0 0 0 0 0 0 0 0 0      0 0 0 0 0 0 0 0 0 1 0 0 0 0 0 0 0 0 0 0      115.83      128.36      159.65        
0 0 0 0 0 0 0 1 0 0 0 0 0 0 0 0 0 0 0 0      0 0 1 0 0 0 0 0 0 0 0 0 0 0 0 0 0 0 0 0      0 0 0 0 0 0 0 0 0 1 0 0 0 0 0 0 0 0 0 0      0 0 0 0 1 0 0 0 0 0 0 0 0 0 0 0 0 0 0 0      128.36      90.83      153.58        
0 0 1 0 0 0 0 0 0 0 0 0 0 0 0 0 0 0 0 0      0 0 0 0 0 0 0 0 0 1 0 0 0 0 0 0 0 0 0 0      0 0 0 0 1 0 0 0 0 0 0 0 0 0 0 0 0 0 0 0      0 0 0 0 1 0 0 0 0 0 0 0 0 0 0 0 0 0 0 0      90.83      93.0      82.1        
0 0 0 0 0 0 0 0 0 1 0 0 0 0 0 0 0 0 0 0      0 0 0 0 1 0 0 0 0 0 0 0 0 0 0 0 0 0 0 0      0 0 0 0 1 0 0 0 0 0 0 0 0 0 0 0 0 0 0 0      0 0 0 0 0 0 0 0 0 1 0 0 0 0 0 0 0 0 0 0      93.0      100.55      4.37        
0 0 0 0 1 0 0 0 0 0 0 0 0 0 0 0 0 0 0 0      0 0 0 0 1 0 0 0 0 0 0 0 0 0 0 0 0 0 0 0      0 0 0 0 0 0 0 0 0 1 0 0 0 0 0 0 0 0 0 0      0 0 0 0 0 0 0 0 0 0 1 0 0 0 0 0 0 0 0 0      100.55      93.66      110.87        
0 0 0 0 1 0 0 0 0 0 0 0 0 0 0 0 0 0 0 0      0 0 0 0 0 0 0 0 0 1 0 0 0 0 0 0 0 0 0 0      0 0 0 0 0 0 0 0 0 0 1 0 0 0 0 0 0 0 0 0      0 0 0 0 0 0 0 0 0 0 0 0 0 0 0 0 0 0 1 0      93.66      140.19      122.54        
0 0 0 0 0 0 0 0 0 1 0 0 0 0 0 0 0 0 0 0      0 0 0 0 0 0 0 0 0 0 1 0 0 0 0 0 0 0 0 0      0 0 0 0 0 0 0 0 0 0 0 0 0 0 0 0 0 0 1 0      0 0 0 0 1 0 0 0 0 0 0 0 0 0 0 0 0 0 0 0      140.19      108.05      107.85        
0 0 0 0 0 0 0 0 0 0 1 0 0 0 0 0 0 0 0 0      0 0 0 0 0 0 0 0 0 0 0 0 0 0 0 0 0 0 1 0      0 0 0 0 1 0 0 0 0 0 0 0 0 0 0 0 0 0 0 0      0 0 0 0 0 0 0 0 0 0 0 0 0 0 0 0 0 0 0 1      108.05      109.49      158.98        
0 0 0 0 0 0 0 0 0 0 0 0 0 0 0 0 0 0 1 0      0 0 0 0 1 0 0 0 0 0 0 0 0 0 0 0 0 0 0 0      0 0 0 0 0 0 0 0 0 0 0 0 0 0 0 0 0 0 0 1      0 0 0 0 0 0 0 0 0 0 0 0 0 0 0 0 0 1 0 0      109.49      99.11      174.92        
0 0 0 0 1 0 0 0 0 0 0 0 0 0 0 0 0 0 0 0      0 0 0 0 0 0 0 0 0 0 0 0 0 0 0 0 0 0 0 1      0 0 0 0 0 0 0 0 0 0 0 0 0 0 0 0 0 1 0 0      0 0 0 0 0 0 0 0 0 0 1 0 0 0 0 0 0 0 0 0      99.11      104.22      72.72        
0 0 0 0 0 0 0 0 0 0 0 0 0 0 0 0 0 0 0 1      0 0 0 0 0 0 0 0 0 0 0 0 0 0 0 0 0 1 0 0      0 0 0 0 0 0 0 0 0 0 1 0 0 0 0 0 0 0 0 0      0 0 0 0 0 1 0 0 0 0 0 0 0 0 0 0 0 0 0 0      104.22      143.15      31.26        
0 0 0 0 0 0 0 0 0 0 0 0 0 0 0 0 0 1 0 0      0 0 0 0 0 0 0 0 0 0 1 0 0 0 0 0 0 0 0 0      0 0 0 0 0 1 0 0 0 0 0 0 0 0 0 0 0 0 0 0      0 0 0 0 1 0 0 0 0 0 0 0 0 0 0 0 0 0 0 0      143.15      90.09      99.89        
0 0 0 0 0 0 0 0 0 0 1 0 0 0 0 0 0 0 0 0      0 0 0 0 0 1 0 0 0 0 0 0 0 0 0 0 0 0 0 0      0 0 0 0 1 0 0 0 0 0 0 0 0 0 0 0 0 0 0 0      0 0 0 0 0 0 0 0 0 0 0 1 0 0 0 0 0 0 0 0      90.09      88.49      58.91        
0 0 0 0 0 1 0 0 0 0 0 0 0 0 0 0 0 0 0 0      0 0 0 0 1 0 0 0 0 0 0 0 0 0 0 0 0 0 0 0      0 0 0 0 0 0 0 0 0 0 0 1 0 0 0 0 0 0 0 0      0 0 0 0 0 0 0 0 0 0 0 0 0 1 0 0 0 0 0 0      88.49      98.47      35.99        
0 0 0 0 1 0 0 0 0 0 0 0 0 0 0 0 0 0 0 0      0 0 0 0 0 0 0 0 0 0 0 1 0 0 0 0 0 0 0 0      0 0 0 0 0 0 0 0 0 0 0 0 0 1 0 0 0 0 0 0      0 0 0 0 0 0 0 0 0 0 0 1 0 0 0 0 0 0 0 0      98.47      108.38      109.58        
0 0 0 0 0 0 0 0 0 0 0 1 0 0 0 0 0 0 0 0      0 0 0 0 0 0 0 0 0 0 0 0 0 1 0 0 0 0 0 0      0 0 0 0 0 0 0 0 0 0 0 1 0 0 0 0 0 0 0 0      0 0 0 0 1 0 0 0 0 0 0 0 0 0 0 0 0 0 0 0      108.38      128.4      161.8        
0 0 0 0 0 0 0 0 0 0 0 0 0 1 0 0 0 0 0 0      0 0 0 0 0 0 0 0 0 0 0 1 0 0 0 0 0 0 0 0      0 0 0 0 1 0 0 0 0 0 0 0 0 0 0 0 0 0 0 0      0 0 0 0 0 0 0 0 0 0 0 0 0 0 0 0 1 0 0 0      128.4      137.52      169.31        
0 0 0 0 0 0 0 0 0 0 0 1 0 0 0 0 0 0 0 0      0 0 0 0 1 0 0 0 0 0 0 0 0 0 0 0 0 0 0 0      0 0 0 0 0 0 0 0 0 0 0 0 0 0 0 0 1 0 0 0      0 0 1 0 0 0 0 0 0 0 0 0 0 0 0 0 0 0 0 0      137.52      95.0      74.56        
0 0 0 0 1 0 0 0 0 0 0 0 0 0 0 0 0 0 0 0      0 0 0 0 0 0 0 0 0 0 0 0 0 0 0 0 1 0 0 0      0 0 1 0 0 0 0 0 0 0 0 0 0 0 0 0 0 0 0 0      0 0 0 0 1 0 0 0 0 0 0 0 0 0 0 0 0 0 0 0      95.0      91.63      52.28        
0 0 0 0 0 0 0 0 0 0 0 0 0 0 0 0 1 0 0 0      0 0 1 0 0 0 0 0 0 0 0 0 0 0 0 0 0 0 0 0      0 0 0 0 1 0 0 0 0 0 0 0 0 0 0 0 0 0 0 0      0 0 0 0 0 0 0 0 0 0 0 0 0 0 0 0 1 0 0 0      91.63      89.53      54.89        
0 0 1 0 0 0 0 0 0 0 0 0 0 0 0 0 0 0 0 0      0 0 0 0 1 0 0 0 0 0 0 0 0 0 0 0 0 0 0 0      0 0 0 0 0 0 0 0 0 0 0 0 0 0 0 0 1 0 0 0      0 0 0 0 0 0 0 0 0 0 1 0 0 0 0 0 0 0 0 0      89.53      88.96      46.25        
0 0 0 0 1 0 0 0 0 0 0 0 0 0 0 0 0 0 0 0      0 0 0 0 0 0 0 0 0 0 0 0 0 0 0 0 1 0 0 0      0 0 0 0 0 0 0 0 0 0 1 0 0 0 0 0 0 0 0 0      0 0 0 0 0 0 0 0 0 0 0 0 0 1 0 0 0 0 0 0      88.96      88.62      52.99        
0 0 0 0 0 0 0 0 0 0 0 0 0 0 0 0 1 0 0 0      0 0 0 0 0 0 0 0 0 0 1 0 0 0 0 0 0 0 0 0      0 0 0 0 0 0 0 0 0 0 0 0 0 1 0 0 0 0 0 0      0 0 0 0 0 0 0 0 0 0 0 0 0 0 0 1 0 0 0 0      88.62      88.26      58.33        
0 0 0 0 0 0 0 0 0 0 1 0 0 0 0 0 0 0 0 0      0 0 0 0 0 0 0 0 0 0 0 0 0 1 0 0 0 0 0 0      0 0 0 0 0 0 0 0 0 0 0 0 0 0 0 1 0 0 0 0      0 0 0 0 0 0 0 0 0 0 0 0 0 0 0 0 0 1 0 0      88.26      86.96      61.33        
0 0 0 0 0 0 0 0 0 0 0 0 0 1 0 0 0 0 0 0      0 0 0 0 0 0 0 0 0 0 0 0 0 0 0 1 0 0 0 0      0 0 0 0 0 0 0 0 0 0 0 0 0 0 0 0 0 1 0 0      0 0 0 0 0 0 1 0 0 0 0 0 0 0 0 0 0 0 0 0      86.96      105.22      91.22        
0 0 0 0 0 0 0 0 0 0 0 0 0 0 0 1 0 0 0 0      0 0 0 0 0 0 0 0 0 0 0 0 0 0 0 0 0 1 0 0      0 0 0 0 0 0 1 0 0 0 0 0 0 0 0 0 0 0 0 0      0 0 1 0 0 0 0 0 0 0 0 0 0 0 0 0 0 0 0 0      105.22      131.52      129.96        
0 0 0 0 0 0 0 0 0 0 0 0 0 0 0 0 0 1 0 0      0 0 0 0 0 0 1 0 0 0 0 0 0 0 0 0 0 0 0 0      0 0 1 0 0 0 0 0 0 0 0 0 0 0 0 0 0 0 0 0      0 1 0 0 0 0 0 0 0 0 0 0 0 0 0 0 0 0 0 0      131.52      133.32      146.37        
0 0 0 0 0 0 1 0 0 0 0 0 0 0 0 0 0 0 0 0      0 0 1 0 0 0 0 0 0 0 0 0 0 0 0 0 0 0 0 0      0 1 0 0 0 0 0 0 0 0 0 0 0 0 0 0 0 0 0 0      1 0 0 0 0 0 0 0 0 0 0 0 0 0 0 0 0 0 0 0      133.32      88.18      98.04        
0 0 1 0 0 0 0 0 0 0 0 0 0 0 0 0 0 0 0 0      0 1 0 0 0 0 0 0 0 0 0 0 0 0 0 0 0 0 0 0      1 0 0 0 0 0 0 0 0 0 0 0 0 0 0 0 0 0 0 0      0 1 0 0 0 0 0 0 0 0 0 0 0 0 0 0 0 0 0 0      88.18      81.45      79.94        
0 1 0 0 0 0 0 0 0 0 0 0 0 0 0 0 0 0 0 0      1 0 0 0 0 0 0 0 0 0 0 0 0 0 0 0 0 0 0 0      0 1 0 0 0 0 0 0 0 0 0 0 0 0 0 0 0 0 0 0      0 0 0 0 0 0 0 0 1 0 0 0 0 0 0 0 0 0 0 0      81.45      105.05      21.56        
1 0 0 0 0 0 0 0 0 0 0 0 0 0 0 0 0 0 0 0      0 1 0 0 0 0 0 0 0 0 0 0 0 0 0 0 0 0 0 0      0 0 0 0 0 0 0 0 1 0 0 0 0 0 0 0 0 0 0 0      1 0 0 0 0 0 0 0 0 0 0 0 0 0 0 0 0 0 0 0      105.05      98.91      52.56        
0 1 0 0 0 0 0 0 0 0 0 0 0 0 0 0 0 0 0 0      0 0 0 0 0 0 0 0 1 0 0 0 0 0 0 0 0 0 0 0      1 0 0 0 0 0 0 0 0 0 0 0 0 0 0 0 0 0 0 0      0 0 0 1 0 0 0 0 0 0 0 0 0 0 0 0 0 0 0 0      98.91      93.5      54.87        
0 0 0 0 0 0 0 0 1 0 0 0 0 0 0 0 0 0 0 0      1 0 0 0 0 0 0 0 0 0 0 0 0 0 0 0 0 0 0 0      0 0 0 1 0 0 0 0 0 0 0 0 0 0 0 0 0 0 0 0      0 1 0 0 0 0 0 0 0 0 0 0 0 0 0 0 0 0 0 0      93.5      87.28      40.31        
1 0 0 0 0 0 0 0 0 0 0 0 0 0 0 0 0 0 0 0      0 0 0 1 0 0 0 0 0 0 0 0 0 0 0 0 0 0 0 0      0 1 0 0 0 0 0 0 0 0 0 0 0 0 0 0 0 0 0 0      0 0 0 0 0 0 0 0 1 0 0 0 0 0 0 0 0 0 0 0      87.28      92.78      58.38        
0 0 0 1 0 0 0 0 0 0 0 0 0 0 0 0 0 0 0 0      0 1 0 0 0 0 0 0 0 0 0 0 0 0 0 0 0 0 0 0      0 0 0 0 0 0 0 0 1 0 0 0 0 0 0 0 0 0 0 0      0 0 0 0 0 0 0 0 0 0 0 0 0 1 0 0 0 0 0 0      92.78      90.37      42.76        
0 1 0 0 0 0 0 0 0 0 0 0 0 0 0 0 0 0 0 0      0 0 0 0 0 0 0 0 1 0 0 0 0 0 0 0 0 0 0 0      0 0 0 0 0 0 0 0 0 0 0 0 0 1 0 0 0 0 0 0      0 0 0 0 0 0 0 1 0 0 0 0 0 0 0 0 0 0 0 0      90.37      88.57      53.54        
0 0 0 0 0 0 0 0 1 0 0 0 0 0 0 0 0 0 0 0      0 0 0 0 0 0 0 0 0 0 0 0 0 1 0 0 0 0 0 0      0 0 0 0 0 0 0 1 0 0 0 0 0 0 0 0 0 0 0 0      0 0 0 0 0 1 0 0 0 0 0 0 0 0 0 0 0 0 0 0      88.57      94.11      48.66        
0 0 0 0 0 0 0 0 0 0 0 0 0 1 0 0 0 0 0 0      0 0 0 0 0 0 0 1 0 0 0 0 0 0 0 0 0 0 0 0      0 0 0 0 0 1 0 0 0 0 0 0 0 0 0 0 0 0 0 0      0 0 0 0 0 0 0 0 0 0 0 0 0 0 0 0 1 0 0 0      94.11      90.26      49.82        
0 0 0 0 0 0 0 1 0 0 0 0 0 0 0 0 0 0 0 0      0 0 0 0 0 1 0 0 0 0 0 0 0 0 0 0 0 0 0 0      0 0 0 0 0 0 0 0 0 0 0 0 0 0 0 0 1 0 0 0      0 0 0 0 0 0 0 0 0 0 0 0 0 0 0 0 0 1 0 0      90.26      96.27      47.95        
0 0 0 0 0 1 0 0 0 0 0 0 0 0 0 0 0 0 0 0      0 0 0 0 0 0 0 0 0 0 0 0 0 0 0 0 1 0 0 0      0 0 0 0 0 0 0 0 0 0 0 0 0 0 0 0 0 1 0 0      0 1 0 0 0 0 0 0 0 0 0 0 0 0 0 0 0 0 0 0      96.27      89.0      45.03        
0 0 0 0 0 0 0 0 0 0 0 0 0 0 0 0 1 0 0 0      0 0 0 0 0 0 0 0 0 0 0 0 0 0 0 0 0 1 0 0      0 1 0 0 0 0 0 0 0 0 0 0 0 0 0 0 0 0 0 0      0 0 0 0 0 0 0 0 0 0 0 0 0 1 0 0 0 0 0 0      89.0      93.69      48.29        
0 0 0 0 0 0 0 0 0 0 0 0 0 0 0 0 0 1 0 0      0 1 0 0 0 0 0 0 0 0 0 0 0 0 0 0 0 0 0 0      0 0 0 0 0 0 0 0 0 0 0 0 0 1 0 0 0 0 0 0      0 0 0 0 0 0 0 0 0 0 0 0 0 1 0 0 0 0 0 0      93.69      89.78      48.79        
0 1 0 0 0 0 0 0 0 0 0 0 0 0 0 0 0 0 0 0      0 0 0 0 0 0 0 0 0 0 0 0 0 1 0 0 0 0 0 0      0 0 0 0 0 0 0 0 0 0 0 0 0 1 0 0 0 0 0 0      0 1 0 0 0 0 0 0 0 0 0 0 0 0 0 0 0 0 0 0      89.78      89.91      59.05        
0 0 0 0 0 0 0 0 0 0 0 0 0 1 0 0 0 0 0 0      0 0 0 0 0 0 0 0 0 0 0 0 0 1 0 0 0 0 0 0      0 1 0 0 0 0 0 0 0 0 0 0 0 0 0 0 0 0 0 0      0 0 0 0 0 0 0 0 0 0 0 0 1 0 0 0 0 0 0 0      89.91      84.85      67.85        
0 0 0 0 0 0 0 0 0 0 0 0 0 1 0 0 0 0 0 0      0 1 0 0 0 0 0 0 0 0 0 0 0 0 0 0 0 0 0 0      0 0 0 0 0 0 0 0 0 0 0 0 1 0 0 0 0 0 0 0      0 1 0 0 0 0 0 0 0 0 0 0 0 0 0 0 0 0 0 0      84.85      88.77      152.93        
0 1 0 0 0 0 0 0 0 0 0 0 0 0 0 0 0 0 0 0      0 0 0 0 0 0 0 0 0 0 0 0 1 0 0 0 0 0 0 0      0 1 0 0 0 0 0 0 0 0 0 0 0 0 0 0 0 0 0 0      0 0 0 0 0 0 1 0 0 0 0 0 0 0 0 0 0 0 0 0      88.77      121.11      158.97        
0 0 0 0 0 0 0 0 0 0 0 0 1 0 0 0 0 0 0 0      0 1 0 0 0 0 0 0 0 0 0 0 0 0 0 0 0 0 0 0      0 0 0 0 0 0 1 0 0 0 0 0 0 0 0 0 0 0 0 0      1 0 0 0 0 0 0 0 0 0 0 0 0 0 0 0 0 0 0 0      121.11      110.2      114.54        
0 1 0 0 0 0 0 0 0 0 0 0 0 0 0 0 0 0 0 0      0 0 0 0 0 0 1 0 0 0 0 0 0 0 0 0 0 0 0 0      1 0 0 0 0 0 0 0 0 0 0 0 0 0 0 0 0 0 0 0      1 0 0 0 0 0 0 0 0 0 0 0 0 0 0 0 0 0 0 0      110.2      83.37      110.39        
0 0 0 0 0 0 1 0 0 0 0 0 0 0 0 0 0 0 0 0      1 0 0 0 0 0 0 0 0 0 0 0 0 0 0 0 0 0 0 0      1 0 0 0 0 0 0 0 0 0 0 0 0 0 0 0 0 0 0 0      1 0 0 0 0 0 0 0 0 0 0 0 0 0 0 0 0 0 0 0      83.37      92.28      60.34        
1 0 0 0 0 0 0 0 0 0 0 0 0 0 0 0 0 0 0 0      1 0 0 0 0 0 0 0 0 0 0 0 0 0 0 0 0 0 0 0      1 0 0 0 0 0 0 0 0 0 0 0 0 0 0 0 0 0 0 0      0 0 0 0 0 0 1 0 0 0 0 0 0 0 0 0 0 0 0 0      92.28      92.42      44.17        
1 0 0 0 0 0 0 0 0 0 0 0 0 0 0 0 0 0 0 0      1 0 0 0 0 0 0 0 0 0 0 0 0 0 0 0 0 0 0 0      0 0 0 0 0 0 1 0 0 0 0 0 0 0 0 0 0 0 0 0      0 0 0 0 0 0 0 0 0 0 0 0 0 0 0 0 1 0 0 0      92.42      95.07      54.43        
1 0 0 0 0 0 0 0 0 0 0 0 0 0 0 0 0 0 0 0      0 0 0 0 0 0 1 0 0 0 0 0 0 0 0 0 0 0 0 0      0 0 0 0 0 0 0 0 0 0 0 0 0 0 0 0 1 0 0 0      0 1 0 0 0 0 0 0 0 0 0 0 0 0 0 0 0 0 0 0      95.07      91.24      44.73        
0 0 0 0 0 0 1 0 0 0 0 0 0 0 0 0 0 0 0 0      0 0 0 0 0 0 0 0 0 0 0 0 0 0 0 0 1 0 0 0      0 1 0 0 0 0 0 0 0 0 0 0 0 0 0 0 0 0 0 0      0 1 0 0 0 0 0 0 0 0 0 0 0 0 0 0 0 0 0 0      91.24      89.71      50.91        
0 0 0 0 0 0 0 0 0 0 0 0 0 0 0 0 1 0 0 0      0 1 0 0 0 0 0 0 0 0 0 0 0 0 0 0 0 0 0 0      0 1 0 0 0 0 0 0 0 0 0 0 0 0 0 0 0 0 0 0      0 0 0 0 0 0 0 0 0 1 0 0 0 0 0 0 0 0 0 0      89.71      91.58      53.14        
0 1 0 0 0 0 0 0 0 0 0 0 0 0 0 0 0 0 0 0      0 1 0 0 0 0 0 0 0 0 0 0 0 0 0 0 0 0 0 0      0 0 0 0 0 0 0 0 0 1 0 0 0 0 0 0 0 0 0 0      0 0 0 0 0 0 0 0 0 0 0 0 0 0 0 1 0 0 0 0      91.58      90.87      47.85        
0 1 0 0 0 0 0 0 0 0 0 0 0 0 0 0 0 0 0 0      0 0 0 0 0 0 0 0 0 1 0 0 0 0 0 0 0 0 0 0      0 0 0 0 0 0 0 0 0 0 0 0 0 0 0 1 0 0 0 0      0 0 0 0 0 0 0 0 1 0 0 0 0 0 0 0 0 0 0 0      90.87      91.91      47.38        
0 0 0 0 0 0 0 0 0 1 0 0 0 0 0 0 0 0 0 0      0 0 0 0 0 0 0 0 0 0 0 0 0 0 0 1 0 0 0 0      0 0 0 0 0 0 0 0 1 0 0 0 0 0 0 0 0 0 0 0      0 0 0 0 0 0 0 0 0 0 0 0 0 0 0 0 0 0 0 1      91.91      89.26      50.31        
0 0 0 0 0 0 0 0 0 0 0 0 0 0 0 1 0 0 0 0      0 0 0 0 0 0 0 0 1 0 0 0 0 0 0 0 0 0 0 0      0 0 0 0 0 0 0 0 0 0 0 0 0 0 0 0 0 0 0 1      0 0 0 0 0 0 0 0 1 0 0 0 0 0 0 0 0 0 0 0      89.26      92.9      53.41        
0 0 0 0 0 0 0 0 1 0 0 0 0 0 0 0 0 0 0 0      0 0 0 0 0 0 0 0 0 0 0 0 0 0 0 0 0 0 0 1      0 0 0 0 0 0 0 0 1 0 0 0 0 0 0 0 0 0 0 0      0 0 0 0 0 0 0 0 0 0 0 0 0 0 0 0 1 0 0 0      92.9      96.95      46.1        
0 0 0 0 0 0 0 0 0 0 0 0 0 0 0 0 0 0 0 1      0 0 0 0 0 0 0 0 1 0 0 0 0 0 0 0 0 0 0 0      0 0 0 0 0 0 0 0 0 0 0 0 0 0 0 0 1 0 0 0      0 0 0 0 0 0 0 0 0 0 1 0 0 0 0 0 0 0 0 0      96.95      95.38      56.06        
0 0 0 0 0 0 0 0 1 0 0 0 0 0 0 0 0 0 0 0      0 0 0 0 0 0 0 0 0 0 0 0 0 0 0 0 1 0 0 0      0 0 0 0 0 0 0 0 0 0 1 0 0 0 0 0 0 0 0 0      0 0 0 1 0 0 0 0 0 0 0 0 0 0 0 0 0 0 0 0      95.38      115.96      149.42        
0 0 0 0 0 0 0 0 0 0 0 0 0 0 0 0 1 0 0 0      0 0 0 0 0 0 0 0 0 0 1 0 0 0 0 0 0 0 0 0      0 0 0 1 0 0 0 0 0 0 0 0 0 0 0 0 0 0 0 0      0 0 0 0 1 0 0 0 0 0 0 0 0 0 0 0 0 0 0 0      115.96      96.58      155.26        
0 0 0 0 0 0 0 0 0 0 1 0 0 0 0 0 0 0 0 0      0 0 0 1 0 0 0 0 0 0 0 0 0 0 0 0 0 0 0 0      0 0 0 0 1 0 0 0 0 0 0 0 0 0 0 0 0 0 0 0      0 0 0 0 0 0 0 0 0 0 0 0 0 0 1 0 0 0 0 0      96.58      98.06      60.23        
0 0 0 1 0 0 0 0 0 0 0 0 0 0 0 0 0 0 0 0      0 0 0 0 1 0 0 0 0 0 0 0 0 0 0 0 0 0 0 0      0 0 0 0 0 0 0 0 0 0 0 0 0 0 1 0 0 0 0 0      0 0 0 1 0 0 0 0 0 0 0 0 0 0 0 0 0 0 0 0      98.06      107.99      126.8        
0 0 0 0 1 0 0 0 0 0 0 0 0 0 0 0 0 0 0 0      0 0 0 0 0 0 0 0 0 0 0 0 0 0 1 0 0 0 0 0      0 0 0 1 0 0 0 0 0 0 0 0 0 0 0 0 0 0 0 0      0 0 0 0 0 0 0 0 0 0 0 0 0 0 0 0 0 1 0 0      107.99      109.35      100.51        
0 0 0 0 0 0 0 0 0 0 0 0 0 0 1 0 0 0 0 0      0 0 0 1 0 0 0 0 0 0 0 0 0 0 0 0 0 0 0 0      0 0 0 0 0 0 0 0 0 0 0 0 0 0 0 0 0 1 0 0      0 0 0 0 0 0 0 0 0 0 0 0 0 0 0 0 1 0 0 0      109.35      101.3      28.2        
0 0 0 1 0 0 0 0 0 0 0 0 0 0 0 0 0 0 0 0      0 0 0 0 0 0 0 0 0 0 0 0 0 0 0 0 0 1 0 0      0 0 0 0 0 0 0 0 0 0 0 0 0 0 0 0 1 0 0 0      0 0 0 0 0 1 0 0 0 0 0 0 0 0 0 0 0 0 0 0      101.3      114.75      146.5        
0 0 0 0 0 0 0 0 0 0 0 0 0 0 0 0 0 1 0 0      0 0 0 0 0 0 0 0 0 0 0 0 0 0 0 0 1 0 0 0      0 0 0 0 0 1 0 0 0 0 0 0 0 0 0 0 0 0 0 0      0 0 0 0 1 0 0 0 0 0 0 0 0 0 0 0 0 0 0 0      114.75      106.36      171.33        
0 0 0 0 0 0 0 0 0 0 0 0 0 0 0 0 1 0 0 0      0 0 0 0 0 1 0 0 0 0 0 0 0 0 0 0 0 0 0 0      0 0 0 0 1 0 0 0 0 0 0 0 0 0 0 0 0 0 0 0      0 0 0 0 0 0 0 0 0 0 0 0 0 0 0 1 0 0 0 0      106.36      97.74      35.92        
0 0 0 0 0 1 0 0 0 0 0 0 0 0 0 0 0 0 0 0      0 0 0 0 1 0 0 0 0 0 0 0 0 0 0 0 0 0 0 0      0 0 0 0 0 0 0 0 0 0 0 0 0 0 0 1 0 0 0 0      0 0 0 0 0 0 0 0 0 0 0 0 0 1 0 0 0 0 0 0      97.74      90.18      161.45        
0 0 0 0 1 0 0 0 0 0 0 0 0 0 0 0 0 0 0 0      0 0 0 0 0 0 0 0 0 0 0 0 0 0 0 1 0 0 0 0      0 0 0 0 0 0 0 0 0 0 0 0 0 1 0 0 0 0 0 0      0 1 0 0 0 0 0 0 0 0 0 0 0 0 0 0 0 0 0 0      90.18      89.96      57.68        
0 0 0 0 0 0 0 0 0 0 0 0 0 0 0 1 0 0 0 0      0 0 0 0 0 0 0 0 0 0 0 0 0 1 0 0 0 0 0 0      0 1 0 0 0 0 0 0 0 0 0 0 0 0 0 0 0 0 0 0      0 0 0 0 0 0 0 0 0 0 0 0 0 0 0 0 1 0 0 0      89.96      91.37      46.96        
0 0 0 0 0 0 0 0 0 0 0 0 0 1 0 0 0 0 0 0      0 1 0 0 0 0 0 0 0 0 0 0 0 0 0 0 0 0 0 0      0 0 0 0 0 0 0 0 0 0 0 0 0 0 0 0 1 0 0 0      1 0 0 0 0 0 0 0 0 0 0 0 0 0 0 0 0 0 0 0      91.37      88.79      47.9        
0 1 0 0 0 0 0 0 0 0 0 0 0 0 0 0 0 0 0 0      0 0 0 0 0 0 0 0 0 0 0 0 0 0 0 0 1 0 0 0      1 0 0 0 0 0 0 0 0 0 0 0 0 0 0 0 0 0 0 0      0 0 0 0 0 0 0 0 0 0 0 0 0 0 0 1 0 0 0 0      88.79      93.77      53.71        
0 0 0 0 0 0 0 0 0 0 0 0 0 0 0 0 1 0 0 0      1 0 0 0 0 0 0 0 0 0 0 0 0 0 0 0 0 0 0 0      0 0 0 0 0 0 0 0 0 0 0 0 0 0 0 1 0 0 0 0      0 0 0 0 0 0 0 0 1 0 0 0 0 0 0 0 0 0 0 0      93.77      93.98      48.71        
1 0 0 0 0 0 0 0 0 0 0 0 0 0 0 0 0 0 0 0      0 0 0 0 0 0 0 0 0 0 0 0 0 0 0 1 0 0 0 0      0 0 0 0 0 0 0 0 1 0 0 0 0 0 0 0 0 0 0 0      0 0 0 0 0 1 0 0 0 0 0 0 0 0 0 0 0 0 0 0      93.98      90.68      48.44        
0 0 0 0 0 0 0 0 0 0 0 0 0 0 0 1 0 0 0 0      0 0 0 0 0 0 0 0 1 0 0 0 0 0 0 0 0 0 0 0      0 0 0 0 0 1 0 0 0 0 0 0 0 0 0 0 0 0 0 0      0 0 0 0 1 0 0 0 0 0 0 0 0 0 0 0 0 0 0 0      90.68      90.92      46.94        
0 0 0 0 0 0 0 0 1 0 0 0 0 0 0 0 0 0 0 0      0 0 0 0 0 1 0 0 0 0 0 0 0 0 0 0 0 0 0 0      0 0 0 0 1 0 0 0 0 0 0 0 0 0 0 0 0 0 0 0      0 0 0 0 0 0 0 0 0 0 0 0 0 0 1 0 0 0 0 0      90.92      91.21      56.1        
0 0 0 0 0 1 0 0 0 0 0 0 0 0 0 0 0 0 0 0      0 0 0 0 1 0 0 0 0 0 0 0 0 0 0 0 0 0 0 0      0 0 0 0 0 0 0 0 0 0 0 0 0 0 1 0 0 0 0 0      0 1 0 0 0 0 0 0 0 0 0 0 0 0 0 0 0 0 0 0      91.21      86.82      54.02        
0 0 0 0 1 0 0 0 0 0 0 0 0 0 0 0 0 0 0 0      0 0 0 0 0 0 0 0 0 0 0 0 0 0 1 0 0 0 0 0      0 1 0 0 0 0 0 0 0 0 0 0 0 0 0 0 0 0 0 0      0 0 0 0 0 0 0 0 0 0 1 0 0 0 0 0 0 0 0 0      86.82      94.48      42.56        
0 0 0 0 0 0 0 0 0 0 0 0 0 0 1 0 0 0 0 0      0 1 0 0 0 0 0 0 0 0 0 0 0 0 0 0 0 0 0 0      0 0 0 0 0 0 0 0 0 0 1 0 0 0 0 0 0 0 0 0      0 0 0 0 0 0 0 0 0 0 0 0 1 0 0 0 0 0 0 0      94.48      91.06      51.01        
0 1 0 0 0 0 0 0 0 0 0 0 0 0 0 0 0 0 0 0      0 0 0 0 0 0 0 0 0 0 1 0 0 0 0 0 0 0 0 0      0 0 0 0 0 0 0 0 0 0 0 0 1 0 0 0 0 0 0 0      0 0 1 0 0 0 0 0 0 0 0 0 0 0 0 0 0 0 0 0      91.06      90.64      47.93        
0 0 0 0 0 0 0 0 0 0 1 0 0 0 0 0 0 0 0 0      0 0 0 0 0 0 0 0 0 0 0 0 1 0 0 0 0 0 0 0      0 0 1 0 0 0 0 0 0 0 0 0 0 0 0 0 0 0 0 0      0 1 0 0 0 0 0 0 0 0 0 0 0 0 0 0 0 0 0 0      90.64      89.83      51.87        
0 0 0 0 0 0 0 0 0 0 0 0 1 0 0 0 0 0 0 0      0 0 1 0 0 0 0 0 0 0 0 0 0 0 0 0 0 0 0 0      0 1 0 0 0 0 0 0 0 0 0 0 0 0 0 0 0 0 0 0      0 0 0 0 0 1 0 0 0 0 0 0 0 0 0 0 0 0 0 0      89.83      95.04      46.49        
0 0 1 0 0 0 0 0 0 0 0 0 0 0 0 0 0 0 0 0      0 1 0 0 0 0 0 0 0 0 0 0 0 0 0 0 0 0 0 0      0 0 0 0 0 1 0 0 0 0 0 0 0 0 0 0 0 0 0 0      0 0 1 0 0 0 0 0 0 0 0 0 0 0 0 0 0 0 0 0      95.04      90.78      47.08        
0 1 0 0 0 0 0 0 0 0 0 0 0 0 0 0 0 0 0 0      0 0 0 0 0 1 0 0 0 0 0 0 0 0 0 0 0 0 0 0      0 0 1 0 0 0 0 0 0 0 0 0 0 0 0 0 0 0 0 0      0 0 0 0 0 0 0 0 0 0 0 1 0 0 0 0 0 0 0 0      90.78      91.16      45.13        
0 0 0 0 0 1 0 0 0 0 0 0 0 0 0 0 0 0 0 0      0 0 1 0 0 0 0 0 0 0 0 0 0 0 0 0 0 0 0 0      0 0 0 0 0 0 0 0 0 0 0 1 0 0 0 0 0 0 0 0      0 0 0 0 0 0 0 0 1 0 0 0 0 0 0 0 0 0 0 0      91.16      94.03      55.34        
0 0 1 0 0 0 0 0 0 0 0 0 0 0 0 0 0 0 0 0      0 0 0 0 0 0 0 0 0 0 0 1 0 0 0 0 0 0 0 0      0 0 0 0 0 0 0 0 1 0 0 0 0 0 0 0 0 0 0 0      0 0 0 0 0 0 0 0 0 0 0 0 0 0 1 0 0 0 0 0      94.03      89.82      47.66        
0 0 0 0 0 0 0 0 0 0 0 1 0 0 0 0 0 0 0 0      0 0 0 0 0 0 0 0 1 0 0 0 0 0 0 0 0 0 0 0      0 0 0 0 0 0 0 0 0 0 0 0 0 0 1 0 0 0 0 0      0 0 0 0 0 0 0 0 0 0 0 0 0 0 0 0 0 0 0 1      89.82      93.83      51.7        
0 0 0 0 0 0 0 0 1 0 0 0 0 0 0 0 0 0 0 0      0 0 0 0 0 0 0 0 0 0 0 0 0 0 1 0 0 0 0 0      0 0 0 0 0 0 0 0 0 0 0 0 0 0 0 0 0 0 0 1      0 0 0 0 0 0 0 0 0 0 0 0 0 0 1 0 0 0 0 0      93.83      106.44      31.23        
0 0 0 0 0 0 0 0 0 0 0 0 0 0 1 0 0 0 0 0      0 0 0 0 0 0 0 0 0 0 0 0 0 0 0 0 0 0 0 1      0 0 0 0 0 0 0 0 0 0 0 0 0 0 1 0 0 0 0 0      0 0 0 0 0 0 1 0 0 0 0 0 0 0 0 0 0 0 0 0      106.44      107.1      21.39        
0 0 0 0 0 0 0 0 0 0 0 0 0 0 0 0 0 0 0 1      0 0 0 0 0 0 0 0 0 0 0 0 0 0 1 0 0 0 0 0      0 0 0 0 0 0 1 0 0 0 0 0 0 0 0 0 0 0 0 0      0 0 0 1 0 0 0 0 0 0 0 0 0 0 0 0 0 0 0 0      107.1      112.22      83.61        
0 0 0 0 0 0 0 0 0 0 0 0 0 0 1 0 0 0 0 0      0 0 0 0 0 0 1 0 0 0 0 0 0 0 0 0 0 0 0 0      0 0 0 1 0 0 0 0 0 0 0 0 0 0 0 0 0 0 0 0      0 0 0 1 0 0 0 0 0 0 0 0 0 0 0 0 0 0 0 0      112.22      122.69      146.5        
0 0 0 0 0 0 1 0 0 0 0 0 0 0 0 0 0 0 0 0      0 0 0 1 0 0 0 0 0 0 0 0 0 0 0 0 0 0 0 0      0 0 0 1 0 0 0 0 0 0 0 0 0 0 0 0 0 0 0 0      0 0 0 1 0 0 0 0 0 0 0 0 0 0 0 0 0 0 0 0      122.69      137.88      75.13        
0 0 0 1 0 0 0 0 0 0 0 0 0 0 0 0 0 0 0 0      0 0 0 1 0 0 0 0 0 0 0 0 0 0 0 0 0 0 0 0      0 0 0 1 0 0 0 0 0 0 0 0 0 0 0 0 0 0 0 0      0 0 0 0 0 0 0 0 0 0 0 0 0 0 0 0 0 1 0 0      137.88      91.17      32.25        
0 0 0 1 0 0 0 0 0 0 0 0 0 0 0 0 0 0 0 0      0 0 0 1 0 0 0 0 0 0 0 0 0 0 0 0 0 0 0 0      0 0 0 0 0 0 0 0 0 0 0 0 0 0 0 0 0 1 0 0      0 0 0 0 0 0 0 0 0 0 1 0 0 0 0 0 0 0 0 0      91.17      87.92      48.99        
0 0 0 1 0 0 0 0 0 0 0 0 0 0 0 0 0 0 0 0      0 0 0 0 0 0 0 0 0 0 0 0 0 0 0 0 0 1 0 0      0 0 0 0 0 0 0 0 0 0 1 0 0 0 0 0 0 0 0 0      0 0 0 0 0 0 1 0 0 0 0 0 0 0 0 0 0 0 0 0      87.92      95.42      58.08        
0 0 0 0 0 0 0 0 0 0 0 0 0 0 0 0 0 1 0 0      0 0 0 0 0 0 0 0 0 0 1 0 0 0 0 0 0 0 0 0      0 0 0 0 0 0 1 0 0 0 0 0 0 0 0 0 0 0 0 0      0 0 0 0 0 1 0 0 0 0 0 0 0 0 0 0 0 0 0 0      95.42      109.35      120.63        
0 0 0 0 0 0 0 0 0 0 1 0 0 0 0 0 0 0 0 0      0 0 0 0 0 0 1 0 0 0 0 0 0 0 0 0 0 0 0 0      0 0 0 0 0 1 0 0 0 0 0 0 0 0 0 0 0 0 0 0      0 1 0 0 0 0 0 0 0 0 0 0 0 0 0 0 0 0 0 0      109.35      86.74      20.83        
0 0 0 0 0 0 1 0 0 0 0 0 0 0 0 0 0 0 0 0      0 0 0 0 0 1 0 0 0 0 0 0 0 0 0 0 0 0 0 0      0 1 0 0 0 0 0 0 0 0 0 0 0 0 0 0 0 0 0 0      0 0 0 0 0 0 0 0 0 0 0 1 0 0 0 0 0 0 0 0      86.74      94.03      145.3        
0 0 0 0 0 1 0 0 0 0 0 0 0 0 0 0 0 0 0 0      0 1 0 0 0 0 0 0 0 0 0 0 0 0 0 0 0 0 0 0      0 0 0 0 0 0 0 0 0 0 0 1 0 0 0 0 0 0 0 0      0 0 0 0 0 0 0 0 0 0 0 0 0 0 0 1 0 0 0 0      94.03      94.49      49.1        
0 1 0 0 0 0 0 0 0 0 0 0 0 0 0 0 0 0 0 0      0 0 0 0 0 0 0 0 0 0 0 1 0 0 0 0 0 0 0 0      0 0 0 0 0 0 0 0 0 0 0 0 0 0 0 1 0 0 0 0      0 0 0 0 0 0 0 0 0 0 0 0 0 1 0 0 0 0 0 0      94.49      89.96      47.81        
0 0 0 0 0 0 0 0 0 0 0 1 0 0 0 0 0 0 0 0      0 0 0 0 0 0 0 0 0 0 0 0 0 0 0 1 0 0 0 0      0 0 0 0 0 0 0 0 0 0 0 0 0 1 0 0 0 0 0 0      0 0 0 0 0 0 0 0 0 1 0 0 0 0 0 0 0 0 0 0      89.96      90.14      50.19        
0 0 0 0 0 0 0 0 0 0 0 0 0 0 0 1 0 0 0 0      0 0 0 0 0 0 0 0 0 0 0 0 0 1 0 0 0 0 0 0      0 0 0 0 0 0 0 0 0 1 0 0 0 0 0 0 0 0 0 0      0 0 0 0 0 0 0 0 1 0 0 0 0 0 0 0 0 0 0 0      90.14      91.63      51.13        
0 0 0 0 0 0 0 0 0 0 0 0 0 1 0 0 0 0 0 0      0 0 0 0 0 0 0 0 0 1 0 0 0 0 0 0 0 0 0 0      0 0 0 0 0 0 0 0 1 0 0 0 0 0 0 0 0 0 0 0      0 0 0 0 0 1 0 0 0 0 0 0 0 0 0 0 0 0 0 0      91.63      87.97      47.15        
0 0 0 0 0 0 0 0 0 1 0 0 0 0 0 0 0 0 0 0      0 0 0 0 0 0 0 0 1 0 0 0 0 0 0 0 0 0 0 0      0 0 0 0 0 1 0 0 0 0 0 0 0 0 0 0 0 0 0 0      0 0 0 0 0 0 0 0 0 0 0 0 0 1 0 0 0 0 0 0      87.97      86.24      58.77        
0 0 0 0 0 0 0 0 1 0 0 0 0 0 0 0 0 0 0 0      0 0 0 0 0 1 0 0 0 0 0 0 0 0 0 0 0 0 0 0      0 0 0 0 0 0 0 0 0 0 0 0 0 1 0 0 0 0 0 0      0 1 0 0 0 0 0 0 0 0 0 0 0 0 0 0 0 0 0 0      86.24      87.95      57.04        
0 0 0 0 0 1 0 0 0 0 0 0 0 0 0 0 0 0 0 0      0 0 0 0 0 0 0 0 0 0 0 0 0 1 0 0 0 0 0 0      0 1 0 0 0 0 0 0 0 0 0 0 0 0 0 0 0 0 0 0      0 0 0 0 0 0 0 0 0 0 0 0 0 0 0 1 0 0 0 0      87.95      89.1      53.37        
0 0 0 0 0 0 0 0 0 0 0 0 0 1 0 0 0 0 0 0      0 1 0 0 0 0 0 0 0 0 0 0 0 0 0 0 0 0 0 0      0 0 0 0 0 0 0 0 0 0 0 0 0 0 0 1 0 0 0 0      0 0 0 0 1 0 0 0 0 0 0 0 0 0 0 0 0 0 0 0      89.1      88.51      49.12        
0 1 0 0 0 0 0 0 0 0 0 0 0 0 0 0 0 0 0 0      0 0 0 0 0 0 0 0 0 0 0 0 0 0 0 1 0 0 0 0      0 0 0 0 1 0 0 0 0 0 0 0 0 0 0 0 0 0 0 0      0 1 0 0 0 0 0 0 0 0 0 0 0 0 0 0 0 0 0 0      88.51      88.09      52.7        
0 0 0 0 0 0 0 0 0 0 0 0 0 0 0 1 0 0 0 0      0 0 0 0 1 0 0 0 0 0 0 0 0 0 0 0 0 0 0 0      0 1 0 0 0 0 0 0 0 0 0 0 0 0 0 0 0 0 0 0      0 0 0 0 0 0 0 0 0 0 0 0 0 0 1 0 0 0 0 0      88.09      93.17      53.77        
0 0 0 0 1 0 0 0 0 0 0 0 0 0 0 0 0 0 0 0      0 1 0 0 0 0 0 0 0 0 0 0 0 0 0 0 0 0 0 0      0 0 0 0 0 0 0 0 0 0 0 0 0 0 1 0 0 0 0 0      0 0 0 0 0 0 0 0 0 0 1 0 0 0 0 0 0 0 0 0      93.17      88.26      58.62        
0 1 0 0 0 0 0 0 0 0 0 0 0 0 0 0 0 0 0 0      0 0 0 0 0 0 0 0 0 0 0 0 0 0 1 0 0 0 0 0      0 0 0 0 0 0 0 0 0 0 1 0 0 0 0 0 0 0 0 0      0 1 0 0 0 0 0 0 0 0 0 0 0 0 0 0 0 0 0 0      88.26      93.01      44.9        
0 0 0 0 0 0 0 0 0 0 0 0 0 0 1 0 0 0 0 0      0 0 0 0 0 0 0 0 0 0 1 0 0 0 0 0 0 0 0 0      0 1 0 0 0 0 0 0 0 0 0 0 0 0 0 0 0 0 0 0      0 0 0 0 0 0 0 0 0 0 0 0 1 0 0 0 0 0 0 0      93.01      88.77      47.97        
0 0 0 0 0 0 0 0 0 0 1 0 0 0 0 0 0 0 0 0      0 1 0 0 0 0 0 0 0 0 0 0 0 0 0 0 0 0 0 0      0 0 0 0 0 0 0 0 0 0 0 0 1 0 0 0 0 0 0 0      1 0 0 0 0 0 0 0 0 0 0 0 0 0 0 0 0 0 0 0      88.77      90.08      54.0        
0 1 0 0 0 0 0 0 0 0 0 0 0 0 0 0 0 0 0 0      0 0 0 0 0 0 0 0 0 0 0 0 1 0 0 0 0 0 0 0      1 0 0 0 0 0 0 0 0 0 0 0 0 0 0 0 0 0 0 0      1 0 0 0 0 0 0 0 0 0 0 0 0 0 0 0 0 0 0 0      90.08      93.93      49.63        
0 0 0 0 0 0 0 0 0 0 0 0 1 0 0 0 0 0 0 0      1 0 0 0 0 0 0 0 0 0 0 0 0 0 0 0 0 0 0 0      1 0 0 0 0 0 0 0 0 0 0 0 0 0 0 0 0 0 0 0      0 0 0 0 0 0 1 0 0 0 0 0 0 0 0 0 0 0 0 0      93.93      92.54      44.41        
1 0 0 0 0 0 0 0 0 0 0 0 0 0 0 0 0 0 0 0      1 0 0 0 0 0 0 0 0 0 0 0 0 0 0 0 0 0 0 0      0 0 0 0 0 0 1 0 0 0 0 0 0 0 0 0 0 0 0 0      0 0 0 0 0 0 0 0 0 0 1 0 0 0 0 0 0 0 0 0      92.54      89.13      51.91        
1 0 0 0 0 0 0 0 0 0 0 0 0 0 0 0 0 0 0 0      0 0 0 0 0 0 1 0 0 0 0 0 0 0 0 0 0 0 0 0      0 0 0 0 0 0 0 0 0 0 1 0 0 0 0 0 0 0 0 0      0 0 0 0 0 0 0 0 0 0 0 0 0 1 0 0 0 0 0 0      89.13      90.93      50.78        
0 0 0 0 0 0 1 0 0 0 0 0 0 0 0 0 0 0 0 0      0 0 0 0 0 0 0 0 0 0 1 0 0 0 0 0 0 0 0 0      0 0 0 0 0 0 0 0 0 0 0 0 0 1 0 0 0 0 0 0      0 0 0 0 0 1 0 0 0 0 0 0 0 0 0 0 0 0 0 0      90.93      93.72      49.87        
0 0 0 0 0 0 0 0 0 0 1 0 0 0 0 0 0 0 0 0      0 0 0 0 0 0 0 0 0 0 0 0 0 1 0 0 0 0 0 0      0 0 0 0 0 1 0 0 0 0 0 0 0 0 0 0 0 0 0 0      0 0 0 0 0 0 0 0 0 0 0 1 0 0 0 0 0 0 0 0      93.72      91.78      41.72        
0 0 0 0 0 0 0 0 0 0 0 0 0 1 0 0 0 0 0 0      0 0 0 0 0 1 0 0 0 0 0 0 0 0 0 0 0 0 0 0      0 0 0 0 0 0 0 0 0 0 0 1 0 0 0 0 0 0 0 0      0 0 0 0 0 0 0 0 0 0 0 0 0 0 1 0 0 0 0 0      91.78      91.52      54.25        
0 0 0 0 0 1 0 0 0 0 0 0 0 0 0 0 0 0 0 0      0 0 0 0 0 0 0 0 0 0 0 1 0 0 0 0 0 0 0 0      0 0 0 0 0 0 0 0 0 0 0 0 0 0 1 0 0 0 0 0      0 0 0 0 0 0 0 0 0 0 1 0 0 0 0 0 0 0 0 0      91.52      88.94      50.76        
0 0 0 0 0 0 0 0 0 0 0 1 0 0 0 0 0 0 0 0      0 0 0 0 0 0 0 0 0 0 0 0 0 0 1 0 0 0 0 0      0 0 0 0 0 0 0 0 0 0 1 0 0 0 0 0 0 0 0 0      0 1 0 0 0 0 0 0 0 0 0 0 0 0 0 0 0 0 0 0      88.94      91.84      43.98        
0 0 0 0 0 0 0 0 0 0 0 0 0 0 1 0 0 0 0 0      0 0 0 0 0 0 0 0 0 0 1 0 0 0 0 0 0 0 0 0      0 1 0 0 0 0 0 0 0 0 0 0 0 0 0 0 0 0 0 0      0 0 0 0 0 0 0 0 0 0 1 0 0 0 0 0 0 0 0 0      91.84      94.5      47.07        
0 0 0 0 0 0 0 0 0 0 1 0 0 0 0 0 0 0 0 0      0 1 0 0 0 0 0 0 0 0 0 0 0 0 0 0 0 0 0 0      0 0 0 0 0 0 0 0 0 0 1 0 0 0 0 0 0 0 0 0      0 0 0 0 0 0 0 1 0 0 0 0 0 0 0 0 0 0 0 0      94.5      95.58      46.65        
0 1 0 0 0 0 0 0 0 0 0 0 0 0 0 0 0 0 0 0      0 0 0 0 0 0 0 0 0 0 1 0 0 0 0 0 0 0 0 0      0 0 0 0 0 0 0 1 0 0 0 0 0 0 0 0 0 0 0 0      0 0 0 0 0 1 0 0 0 0 0 0 0 0 0 0 0 0 0 0      95.58      95.17      79.93        
0 0 0 0 0 0 0 0 0 0 1 0 0 0 0 0 0 0 0 0      0 0 0 0 0 0 0 1 0 0 0 0 0 0 0 0 0 0 0 0      0 0 0 0 0 1 0 0 0 0 0 0 0 0 0 0 0 0 0 0      0 0 0 1 0 0 0 0 0 0 0 0 0 0 0 0 0 0 0 0      95.17      99.2      73.02        
0 0 0 0 0 0 0 1 0 0 0 0 0 0 0 0 0 0 0 0      0 0 0 0 0 1 0 0 0 0 0 0 0 0 0 0 0 0 0 0      0 0 0 1 0 0 0 0 0 0 0 0 0 0 0 0 0 0 0 0      1 0 0 0 0 0 0 0 0 0 0 0 0 0 0 0 0 0 0 0      99.2      88.45      144.07        
0 0 0 0 0 1 0 0 0 0 0 0 0 0 0 0 0 0 0 0      0 0 0 1 0 0 0 0 0 0 0 0 0 0 0 0 0 0 0 0      1 0 0 0 0 0 0 0 0 0 0 0 0 0 0 0 0 0 0 0      0 0 0 0 0 0 0 0 0 0 0 0 1 0 0 0 0 0 0 0      88.45      89.51      67.31        
0 0 0 1 0 0 0 0 0 0 0 0 0 0 0 0 0 0 0 0      1 0 0 0 0 0 0 0 0 0 0 0 0 0 0 0 0 0 0 0      0 0 0 0 0 0 0 0 0 0 0 0 1 0 0 0 0 0 0 0      0 0 0 0 0 0 0 0 0 0 1 0 0 0 0 0 0 0 0 0      89.51      92.55      40.52        
1 0 0 0 0 0 0 0 0 0 0 0 0 0 0 0 0 0 0 0      0 0 0 0 0 0 0 0 0 0 0 0 1 0 0 0 0 0 0 0      0 0 0 0 0 0 0 0 0 0 1 0 0 0 0 0 0 0 0 0      0 0 0 0 0 0 0 0 0 1 0 0 0 0 0 0 0 0 0 0      92.55      86.38      54.85        
0 0 0 0 0 0 0 0 0 0 0 0 1 0 0 0 0 0 0 0      0 0 0 0 0 0 0 0 0 0 1 0 0 0 0 0 0 0 0 0      0 0 0 0 0 0 0 0 0 1 0 0 0 0 0 0 0 0 0 0      0 0 0 0 0 0 0 0 0 0 0 0 0 1 0 0 0 0 0 0      86.38      90.59      61.6        
0 0 0 0 0 0 0 0 0 0 1 0 0 0 0 0 0 0 0 0      0 0 0 0 0 0 0 0 0 1 0 0 0 0 0 0 0 0 0 0      0 0 0 0 0 0 0 0 0 0 0 0 0 1 0 0 0 0 0 0      0 1 0 0 0 0 0 0 0 0 0 0 0 0 0 0 0 0 0 0      90.59      94.42      55.32        
0 0 0 0 0 0 0 0 0 1 0 0 0 0 0 0 0 0 0 0      0 0 0 0 0 0 0 0 0 0 0 0 0 1 0 0 0 0 0 0      0 1 0 0 0 0 0 0 0 0 0 0 0 0 0 0 0 0 0 0      0 0 1 0 0 0 0 0 0 0 0 0 0 0 0 0 0 0 0 0      94.42      126.25      85.72        
0 0 0 0 0 0 0 0 0 0 0 0 0 1 0 0 0 0 0 0      0 1 0 0 0 0 0 0 0 0 0 0 0 0 0 0 0 0 0 0      0 0 1 0 0 0 0 0 0 0 0 0 0 0 0 0 0 0 0 0      0 0 0 1 0 0 0 0 0 0 0 0 0 0 0 0 0 0 0 0      126.25      128.61      105.82        
0 1 0 0 0 0 0 0 0 0 0 0 0 0 0 0 0 0 0 0      0 0 1 0 0 0 0 0 0 0 0 0 0 0 0 0 0 0 0 0      0 0 0 1 0 0 0 0 0 0 0 0 0 0 0 0 0 0 0 0      0 1 0 0 0 0 0 0 0 0 0 0 0 0 0 0 0 0 0 0      128.61      90.73      113.35        
0 0 1 0 0 0 0 0 0 0 0 0 0 0 0 0 0 0 0 0      0 0 0 1 0 0 0 0 0 0 0 0 0 0 0 0 0 0 0 0      0 1 0 0 0 0 0 0 0 0 0 0 0 0 0 0 0 0 0 0      0 0 0 0 0 0 0 0 0 0 0 0 0 0 0 0 1 0 0 0      90.73      91.8      50.77        
0 0 0 1 0 0 0 0 0 0 0 0 0 0 0 0 0 0 0 0      0 1 0 0 0 0 0 0 0 0 0 0 0 0 0 0 0 0 0 0      0 0 0 0 0 0 0 0 0 0 0 0 0 0 0 0 1 0 0 0      0 1 0 0 0 0 0 0 0 0 0 0 0 0 0 0 0 0 0 0      91.8      91.0      49.81        
0 1 0 0 0 0 0 0 0 0 0 0 0 0 0 0 0 0 0 0      0 0 0 0 0 0 0 0 0 0 0 0 0 0 0 0 1 0 0 0      0 1 0 0 0 0 0 0 0 0 0 0 0 0 0 0 0 0 0 0      1 0 0 0 0 0 0 0 0 0 0 0 0 0 0 0 0 0 0 0      91.0      91.87      47.66        
0 0 0 0 0 0 0 0 0 0 0 0 0 0 0 0 1 0 0 0      0 1 0 0 0 0 0 0 0 0 0 0 0 0 0 0 0 0 0 0      1 0 0 0 0 0 0 0 0 0 0 0 0 0 0 0 0 0 0 0      0 0 0 0 0 0 0 0 0 0 0 0 0 0 0 0 1 0 0 0      91.87      95.27      46.48        
0 1 0 0 0 0 0 0 0 0 0 0 0 0 0 0 0 0 0 0      1 0 0 0 0 0 0 0 0 0 0 0 0 0 0 0 0 0 0 0      0 0 0 0 0 0 0 0 0 0 0 0 0 0 0 0 1 0 0 0      0 0 0 0 0 0 0 1 0 0 0 0 0 0 0 0 0 0 0 0      95.27      102.52      35.88        
1 0 0 0 0 0 0 0 0 0 0 0 0 0 0 0 0 0 0 0      0 0 0 0 0 0 0 0 0 0 0 0 0 0 0 0 1 0 0 0      0 0 0 0 0 0 0 1 0 0 0 0 0 0 0 0 0 0 0 0      0 0 0 0 0 0 0 0 0 0 0 0 0 0 0 0 0 1 0 0      102.52      97.99      33.11        
0 0 0 0 0 0 0 0 0 0 0 0 0 0 0 0 1 0 0 0      0 0 0 0 0 0 0 1 0 0 0 0 0 0 0 0 0 0 0 0      0 0 0 0 0 0 0 0 0 0 0 0 0 0 0 0 0 1 0 0      0 0 0 0 0 0 0 0 0 0 0 0 1 0 0 0 0 0 0 0      97.99      143.06      93.89        
0 0 0 0 0 0 0 1 0 0 0 0 0 0 0 0 0 0 0 0      0 0 0 0 0 0 0 0 0 0 0 0 0 0 0 0 0 1 0 0      0 0 0 0 0 0 0 0 0 0 0 0 1 0 0 0 0 0 0 0      0 0 0 0 0 0 0 0 0 0 0 0 1 0 0 0 0 0 0 0      143.06      74.79      114.52        
0 0 0 0 0 0 0 0 0 0 0 0 0 0 0 0 0 1 0 0      0 0 0 0 0 0 0 0 0 0 0 0 1 0 0 0 0 0 0 0      0 0 0 0 0 0 0 0 0 0 0 0 1 0 0 0 0 0 0 0      0 0 0 0 0 0 1 0 0 0 0 0 0 0 0 0 0 0 0 0      74.79      79.86      49.94        
0 0 0 0 0 0 0 0 0 0 0 0 1 0 0 0 0 0 0 0      0 0 0 0 0 0 0 0 0 0 0 0 1 0 0 0 0 0 0 0      0 0 0 0 0 0 1 0 0 0 0 0 0 0 0 0 0 0 0 0      0 0 0 1 0 0 0 0 0 0 0 0 0 0 0 0 0 0 0 0      79.86      104.31      120.06        
0 0 0 0 0 0 0 0 0 0 0 0 1 0 0 0 0 0 0 0      0 0 0 0 0 0 1 0 0 0 0 0 0 0 0 0 0 0 0 0      0 0 0 1 0 0 0 0 0 0 0 0 0 0 0 0 0 0 0 0      0 0 0 0 0 0 0 0 0 1 0 0 0 0 0 0 0 0 0 0      104.31      97.44      159.46        
0 0 0 0 0 0 1 0 0 0 0 0 0 0 0 0 0 0 0 0      0 0 0 1 0 0 0 0 0 0 0 0 0 0 0 0 0 0 0 0      0 0 0 0 0 0 0 0 0 1 0 0 0 0 0 0 0 0 0 0      0 1 0 0 0 0 0 0 0 0 0 0 0 0 0 0 0 0 0 0      97.44      97.96      42.37        
0 0 0 1 0 0 0 0 0 0 0 0 0 0 0 0 0 0 0 0      0 0 0 0 0 0 0 0 0 1 0 0 0 0 0 0 0 0 0 0      0 1 0 0 0 0 0 0 0 0 0 0 0 0 0 0 0 0 0 0      0 0 0 0 0 0 0 0 0 1 0 0 0 0 0 0 0 0 0 0      97.96      87.16      44.48        
0 0 0 0 0 0 0 0 0 1 0 0 0 0 0 0 0 0 0 0      0 1 0 0 0 0 0 0 0 0 0 0 0 0 0 0 0 0 0 0      0 0 0 0 0 0 0 0 0 1 0 0 0 0 0 0 0 0 0 0      0 0 0 0 0 0 0 0 0 0 0 0 1 0 0 0 0 0 0 0      87.16      90.78      52.38        
0 1 0 0 0 0 0 0 0 0 0 0 0 0 0 0 0 0 0 0      0 0 0 0 0 0 0 0 0 1 0 0 0 0 0 0 0 0 0 0      0 0 0 0 0 0 0 0 0 0 0 0 1 0 0 0 0 0 0 0      0 1 0 0 0 0 0 0 0 0 0 0 0 0 0 0 0 0 0 0      90.78      94.09      49.14        
0 0 0 0 0 0 0 0 0 1 0 0 0 0 0 0 0 0 0 0      0 0 0 0 0 0 0 0 0 0 0 0 1 0 0 0 0 0 0 0      0 1 0 0 0 0 0 0 0 0 0 0 0 0 0 0 0 0 0 0      0 1 0 0 0 0 0 0 0 0 0 0 0 0 0 0 0 0 0 0      94.09      88.27      49.89        
0 0 0 0 0 0 0 0 0 0 0 0 1 0 0 0 0 0 0 0      0 1 0 0 0 0 0 0 0 0 0 0 0 0 0 0 0 0 0 0      0 1 0 0 0 0 0 0 0 0 0 0 0 0 0 0 0 0 0 0      0 0 0 0 0 0 0 0 0 0 0 0 0 1 0 0 0 0 0 0      88.27      97.1      51.58        
0 1 0 0 0 0 0 0 0 0 0 0 0 0 0 0 0 0 0 0      0 1 0 0 0 0 0 0 0 0 0 0 0 0 0 0 0 0 0 0      0 0 0 0 0 0 0 0 0 0 0 0 0 1 0 0 0 0 0 0      0 0 0 0 1 0 0 0 0 0 0 0 0 0 0 0 0 0 0 0      97.1      121.56      108.0        
