  
0 1 1 0 1  0 1 1 0 0  0 0 0 1 0  0 0 0 1 0  115.68  102.92  82.83    
0 1 1 0 0  0 0 0 1 0  0 0 0 1 0  1 0 0 0 1  102.92  90.89  132.06    
0 0 0 1 0  0 0 0 1 0  1 0 0 0 1  1 1 0 1 0  90.89  90.5  71.51    
0 0 0 1 0  1 0 0 0 1  1 1 0 1 0  0 1 1 0 1  90.5  98.46  58.91    
1 0 0 0 1  1 1 0 1 0  0 1 1 0 1  1 1 0 0 1  98.46  87.35  35.47    
1 1 0 1 0  0 1 1 0 1  1 1 0 0 1  1 1 0 0 1  87.35  94.09  29.14    
0 1 1 0 1  1 1 0 0 1  1 1 0 0 1  1 1 0 0 1  94.09  96.54  88.77    
1 1 0 0 1  1 1 0 0 1  1 1 0 0 1  0 1 1 1 0  96.54  91.7  30.66    
1 1 0 0 1  1 1 0 0 1  0 1 1 1 0  1 1 1 0 0  91.7  94.25  46.72    
1 1 0 0 1  0 1 1 1 0  1 1 1 0 0  1 0 0 0 1  94.25  93.36  46.68    
0 1 1 1 0  1 1 1 0 0  1 0 0 0 1  0 0 1 0 0  93.36  95.04  47.71    
1 1 1 0 0  1 0 0 0 1  0 0 1 0 0  0 1 1 1 0  95.04  90.51  50.52    
1 0 0 0 1  0 0 1 0 0  0 1 1 1 0  1 0 0 0 0  90.51  92.75  47.68    
0 0 1 0 0  0 1 1 1 0  1 0 0 0 0  0 1 0 0 0  92.75  89.14  51.34    
0 1 1 1 0  1 0 0 0 0  0 1 0 0 0  0 1 1 0 0  89.14  93.06  50.2    
1 0 0 0 0  0 1 0 0 0  0 1 1 0 0  1 0 0 0 1  93.06  89.57  50.4    
0 1 0 0 0  0 1 1 0 0  1 0 0 0 1  0 1 1 0 0  89.57  91.04  49.34    
0 1 1 0 0  1 0 0 0 1  0 1 1 0 0  0 1 1 1 0  91.04  92.78  53.19    
1 0 0 0 1  0 1 1 0 0  0 1 1 1 0  0 1 1 1 0  92.78  76.78  144.42    
0 1 1 0 0  0 1 1 1 0  0 1 1 1 0  0 1 0 0 0  76.78  83.23  90.21    
0 1 1 1 0  0 1 1 1 0  0 1 0 0 0  0 1 1 0 0  83.23  92.39  147.35    
0 1 1 1 0  0 1 0 0 0  0 1 1 0 0  1 0 0 0 1  92.39  90.1  51.79    
0 1 0 0 0  0 1 1 0 0  1 0 0 0 1  0 1 0 0 0  90.1  96.52  44.35    
0 1 1 0 0  1 0 0 0 1  0 1 0 0 0  0 1 1 0 1  96.52  97.74  47.69    
1 0 0 0 1  0 1 0 0 0  0 1 1 0 1  1 1 1 1 0  97.74  97.23  42.06    
0 1 0 0 0  0 1 1 0 1  1 1 1 1 0  0 1 1 1 0  97.23  93.54  45.53    
0 1 1 0 1  1 1 1 1 0  0 1 1 1 0  0 1 0 0 0  93.54  84.79  54.67    
1 1 1 1 0  0 1 1 1 0  0 1 0 0 0  0 1 1 1 0  84.79  90.03  53.69    
0 1 1 1 0  0 1 0 0 0  0 1 1 1 0  0 0 1 1 0  90.03  91.28  50.71    
0 1 0 0 0  0 1 1 1 0  0 0 1 1 0  0 1 1 1 1  91.28  92.13  46.38    
0 1 1 1 0  0 0 1 1 0  0 1 1 1 1  0 1 1 0 0  92.13  91.59  50.89    
0 0 1 1 0  0 1 1 1 1  0 1 1 0 0  0 1 1 1 0  91.59  93.1  52.79    
0 1 1 1 1  0 1 1 0 0  0 1 1 1 0  0 1 1 1 1  93.1  91.26  45.31    
0 1 1 0 0  0 1 1 1 0  0 1 1 1 1  0 1 0 0 0  91.26  92.66  51.47    
0 1 1 1 0  0 1 1 1 1  0 1 0 0 0  1 1 1 1 0  92.66  104.44  38.3    
0 1 1 1 1  0 1 0 0 0  1 1 1 1 0  1 1 0 0 1  104.44  118.44  63.25    
0 1 0 0 0  1 1 1 1 0  1 1 0 0 1  1 1 0 0 1  118.44  65.19  129.3    
1 1 1 1 0  1 1 0 0 1  1 1 0 0 1  1 1 1 1 0  65.19  139.92  120.15    
1 1 0 0 1  1 1 0 0 1  1 1 1 1 0  0 1 0 0 0  139.92  86.44  165.02    
1 1 0 0 1  1 1 1 1 0  0 1 0 0 0  1 1 0 0 0  86.44  94.07  47.48    
1 1 1 1 0  0 1 0 0 0  1 1 0 0 0  1 1 1 1 0  94.07  104.1  101.22    
0 1 0 0 0  1 1 0 0 0  1 1 1 1 0  0 1 1 1 0  104.1  136.49  114.07    
1 1 0 0 0  1 1 1 1 0  0 1 1 1 0  0 0 1 0 0  136.49  95.0  95.05    
1 1 1 1 0  0 1 1 1 0  0 0 1 0 0  1 1 1 1 0  95.0  90.0  56.32    
0 1 1 1 0  0 0 1 0 0  1 1 1 1 0  1 1 1 0 0  90.0  94.0  47.61    
0 0 1 0 0  1 1 1 1 0  1 1 1 0 0  1 0 0 1 0  94.0  86.23  65.64    
1 1 1 1 0  1 1 1 0 0  1 0 0 1 0  0 1 1 1 0  86.23  88.15  45.68    
1 1 1 0 0  1 0 0 1 0  0 1 1 1 0  0 1 1 1 0  88.15  88.06  56.51    
1 0 0 1 0  0 1 1 1 0  0 1 1 1 0  1 1 0 0 1  88.06  93.26  47.87    
0 1 1 1 0  0 1 1 1 0  1 1 0 0 1  1 1 0 0 1  93.26  64.38  175.58    
0 1 1 1 0  1 1 0 0 1  1 1 0 0 1  0 1 0 0 0  64.38  62.06  70.63    
1 1 0 0 1  1 1 0 0 1  0 1 0 0 0  0 1 1 0 0  62.06  91.56  170.36    
1 1 0 0 1  0 1 0 0 0  0 1 1 0 0  0 1 1 0 0  91.56  89.83  49.24    
0 1 0 0 0  0 1 1 0 0  0 1 1 0 0  0 1 1 0 0  89.83  90.04  55.04    
0 1 1 0 0  0 1 1 0 0  0 1 1 0 0  0 0 0 0 1  90.04  89.0  50.34    
0 1 1 0 0  0 1 1 0 0  0 0 0 0 1  1 0 0 0 1  89.0  91.74  48.86    
0 1 1 0 0  0 0 0 0 1  1 0 0 0 1  0 1 0 0 0  91.74  86.81  52.77    
0 0 0 0 1  1 0 0 0 1  0 1 0 0 0  0 1 1 1 0  86.81  90.0  52.29    
1 0 0 0 1  0 1 0 0 0  0 1 1 1 0  0 1 1 0 1  90.0  87.53  60.35    
0 1 0 0 0  0 1 1 1 0  0 1 1 0 1  0 1 1 1 0  87.53  98.84  42.19    
0 1 1 1 0  0 1 1 0 1  0 1 1 1 0  0 1 0 0 0  98.84  99.52  38.24    
0 1 1 0 1  0 1 1 1 0  0 1 0 0 0  0 1 1 0 0  99.52  117.62  4.3    
0 1 1 1 0  0 1 0 0 0  0 1 1 0 0  1 0 0 0 1  117.62  95.33  52.15    
0 1 0 0 0  0 1 1 0 0  1 0 0 0 1  0 0 0 1 0  95.33  93.71  47.68    
0 1 1 0 0  1 0 0 0 1  0 0 0 1 0  1 0 0 1 0  93.71  85.85  48.02    
1 0 0 0 1  0 0 0 1 0  1 0 0 1 0  0 1 1 0 0  85.85  92.53  49.08    
0 0 0 1 0  1 0 0 1 0  0 1 1 0 0  1 0 0 0 1  92.53  90.55  50.49    
1 0 0 1 0  0 1 1 0 0  1 0 0 0 1  0 0 1 0 0  90.55  89.15  49.53    
0 1 1 0 0  1 0 0 0 1  0 0 1 0 0  1 0 0 0 1  89.15  96.56  50.31    
1 0 0 0 1  0 0 1 0 0  1 0 0 0 1  1 0 0 0 1  96.56  86.67  134.27    
0 0 1 0 0  1 0 0 0 1  1 0 0 0 1  1 1 0 0 1  86.67  90.48  92.58    
1 0 0 0 1  1 0 0 0 1  1 1 0 0 1  0 0 1 0 0  90.48  85.54  161.85    
1 0 0 0 1  1 1 0 0 1  0 0 1 0 0  0 1 1 0 1  85.54  93.76  59.79    
1 1 0 0 1  0 0 1 0 0  0 1 1 0 1  1 0 0 1 0  93.76  90.05  136.34    
0 0 1 0 0  0 1 1 0 1  1 0 0 1 0  0 0 1 1 0  90.05  120.41  178.44    
0 1 1 0 1  1 0 0 1 0  0 0 1 1 0  0 1 1 0 0  120.41  112.41  92.06    
1 0 0 1 0  0 0 1 1 0  0 1 1 0 0  0 1 1 0 0  112.41  144.35  152.83    
0 0 1 1 0  0 1 1 0 0  0 1 1 0 0  0 0 1 1 0  144.35  103.93  89.44    
0 1 1 0 0  0 1 1 0 0  0 0 1 1 0  1 0 1 0 0  103.93  96.0  121.93    
0 1 1 0 0  0 0 1 1 0  1 0 1 0 0  0 1 1 0 1  96.0  93.7  50.55    
0 0 1 1 0  1 0 1 0 0  0 1 1 0 1  0 0 1 1 0  93.7  86.75  48.43    
1 0 1 0 0  0 1 1 0 1  0 0 1 1 0  0 1 0 0 0  86.75  88.83  54.15    
0 1 1 0 1  0 0 1 1 0  0 1 0 0 0  0 1 0 0 0  88.83  50.57  143.89    
0 0 1 1 0  0 1 0 0 0  0 1 0 0 0  1 0 0 1 0  50.57  40.97  31.58    
0 1 0 0 0  0 1 0 0 0  1 0 0 1 0  1 0 0 0 1  40.97  91.47  153.33    
0 1 0 0 0  1 0 0 1 0  1 0 0 0 1  1 0 0 0 1  91.47  80.86  139.97    
1 0 0 1 0  1 0 0 0 1  1 0 0 0 1  0 1 1 0 0  80.86  84.47  88.54    
1 0 0 0 1  1 0 0 0 1  0 1 1 0 0  0 0 1 1 0  84.47  95.17  144.1    
1 0 0 0 1  0 1 1 0 0  0 0 1 1 0  1 0 0 1 0  95.17  106.57  34.39    
0 1 1 0 0  0 0 1 1 0  1 0 0 1 0  0 1 1 1 0  106.57  90.32  87.43    
0 0 1 1 0  1 0 0 1 0  0 1 1 1 0  0 1 0 0 0  90.32  88.15  59.13    
1 0 0 1 0  0 1 1 1 0  0 1 0 0 0  0 1 1 1 0  88.15  88.11  60.1    
0 1 1 1 0  0 1 0 0 0  0 1 1 1 0  0 1 0 0 0  88.11  89.36  55.72    
0 1 0 0 0  0 1 1 1 0  0 1 0 0 0  0 1 1 0 0  89.36  94.38  46.23    
0 1 1 1 0  0 1 0 0 0  0 1 1 0 0  1 1 0 0 0  94.38  91.91  48.89    
0 1 0 0 0  0 1 1 0 0  1 1 0 0 0  1 1 0 0 1  91.91  90.86  50.54    
0 1 1 0 0  1 1 0 0 0  1 1 0 0 1  1 1 0 0 1  90.86  89.03  51.82    
1 1 0 0 0  1 1 0 0 1  1 1 0 0 1  1 0 0 0 1  89.03  89.1  52.23    
1 1 0 0 1  1 1 0 0 1  1 0 0 0 1  1 0 0 0 1  89.1  67.88  152.6    
1 1 0 0 1  1 0 0 0 1  1 0 0 0 1  1 0 0 1 0  67.88  80.7  86.16    
1 0 0 0 1  1 0 0 0 1  1 0 0 1 0  1 1 0 0 1  80.7  93.42  159.94    
1 0 0 0 1  1 0 0 1 0  1 1 0 0 1  0 1 0 0 0  93.42  90.19  47.74    
1 0 0 1 0  1 1 0 0 1  0 1 0 0 0  0 1 0 0 0  90.19  92.4  49.7    
1 1 0 0 1  0 1 0 0 0  0 1 0 0 0  0 1 1 0 0  92.4  89.84  46.75    
0 1 0 0 0  0 1 0 0 0  0 1 1 0 0  1 0 0 0 1  89.84  92.24  51.57    
0 1 0 0 0  0 1 1 0 0  1 0 0 0 1  0 1 1 0 0  92.24  90.66  51.12    
0 1 1 0 0  1 0 0 0 1  0 1 1 0 0  1 0 0 0 1  90.66  93.78  49.34    
1 0 0 0 1  0 1 1 0 0  1 0 0 0 1  0 0 0 0 1  93.78  91.17  45.7    
0 1 1 0 0  1 0 0 0 1  0 0 0 0 1  1 1 1 1 1  91.17  91.15  55.36    
1 0 0 0 1  0 0 0 0 1  1 1 1 1 1  1 1 1 0 0  91.15  91.53  46.81    
0 0 0 0 1  1 1 1 1 1  1 1 1 0 0  1 0 0 0 1  91.53  90.71  53.5    
1 1 1 1 1  1 1 1 0 0  1 0 0 0 1  0 1 1 0 0  90.71  89.75  47.98    
1 1 1 0 0  1 0 0 0 1  0 1 1 0 0  1 0 0 0 1  89.75  93.96  54.35    
1 0 0 0 1  0 1 1 0 0  1 0 0 0 1  0 1 1 0 0  93.96  98.57  35.11    
0 1 1 0 0  1 0 0 0 1  0 1 1 0 0  1 0 0 0 1  98.57  100.13  45.58    
1 0 0 0 1  0 1 1 0 0  1 0 0 0 1  0 0 0 1 0  100.13  106.95  14.53    
0 1 1 0 0  1 0 0 0 1  0 0 0 1 0  0 1 0 0 0  106.95  88.81  160.36    
1 0 0 0 1  0 0 0 1 0  0 1 0 0 0  1 1 1 1 1  88.81  95.13  64.17    
0 0 0 1 0  0 1 0 0 0  1 1 1 1 1  1 1 1 0 0  95.13  98.48  28.18    
0 1 0 0 0  1 1 1 1 1  1 1 1 0 0  1 1 1 1 0  98.48  95.14  98.5    
1 1 1 1 1  1 1 1 0 0  1 1 1 1 0  0 1 1 0 1  95.14  94.0  47.05    
1 1 1 0 0  1 1 1 1 0  0 1 1 0 1  0 1 0 0 0  94.0  94.28  45.46    
1 1 1 1 0  0 1 1 0 1  0 1 0 0 0  0 1 1 1 0  94.28  104.43  37.8    
0 1 1 0 1  0 1 0 0 0  0 1 1 1 0  0 0 1 0 0  104.43  107.55  52.41    
0 1 0 0 0  0 1 1 1 0  0 0 1 0 0  0 1 1 0 1  107.55  133.2  166.99    
0 1 1 1 0  0 0 1 0 0  0 1 1 0 1  0 0 1 0 0  133.2  91.3  118.98    
0 0 1 0 0  0 1 1 0 1  0 0 1 0 0  1 1 1 1 1  91.3  92.51  54.22    
0 1 1 0 1  0 0 1 0 0  1 1 1 1 1  0 1 1 0 0  92.51  90.54  43.29    
0 0 1 0 0  1 1 1 1 1  0 1 1 0 0  0 1 1 0 0  90.54  90.38  56.5    
1 1 1 1 1  0 1 1 0 0  0 1 1 0 0  0 1 1 0 1  90.38  91.38  50.13    
0 1 1 0 0  0 1 1 0 0  0 1 1 0 1  1 0 0 0 1  91.38  90.29  49.99    
0 1 1 0 0  0 1 1 0 1  1 0 0 0 1  1 0 0 0 1  90.29  91.99  49.57    
0 1 1 0 1  1 0 0 0 1  1 0 0 0 1  0 1 1 0 0  91.99  91.25  51.61    
1 0 0 0 1  1 0 0 0 1  0 1 1 0 0  1 0 0 0 1  91.25  91.46  49.42    
1 0 0 0 1  0 1 1 0 0  1 0 0 0 1  0 0 1 1 0  91.46  91.85  47.68    
0 1 1 0 0  1 0 0 0 1  0 0 1 1 0  0 1 1 1 1  91.85  91.7  52.01    
1 0 0 0 1  0 0 1 1 0  0 1 1 1 1  0 1 1 1 0  91.7  90.36  51.63    
0 0 1 1 0  0 1 1 1 1  0 1 1 1 0  0 1 0 0 0  90.36  90.73  48.53    
0 1 1 1 1  0 1 1 1 0  0 1 0 0 0  0 1 0 0 0  90.73  84.12  162.58    
0 1 1 1 0  0 1 0 0 0  0 1 0 0 0  1 1 0 0 1  84.12  65.42  88.2    
0 1 0 0 0  0 1 0 0 0  1 1 0 0 1  1 1 0 0 1  65.42  76.81  101.12    
0 1 0 0 0  1 1 0 0 1  1 1 0 0 1  1 0 0 1 0  76.81  72.57  86.44    
1 1 0 0 1  1 1 0 0 1  1 0 0 1 0  0 1 1 0 0  72.57  89.23  152.76    
1 1 0 0 1  1 0 0 1 0  0 1 1 0 0  1 0 0 0 1  89.23  93.56  49.36    
1 0 0 1 0  0 1 1 0 0  1 0 0 0 1  0 1 1 0 1  93.56  97.93  40.12    
0 1 1 0 0  1 0 0 0 1  0 1 1 0 1  0 1 0 0 0  97.93  95.96  43.58    
1 0 0 0 1  0 1 1 0 1  0 1 0 0 0  0 0 1 0 0  95.96  94.05  42.61    
0 1 1 0 1  0 1 0 0 0  0 0 1 0 0  0 0 0 1 0  94.05  89.12  113.81    
0 1 0 0 0  0 0 1 0 0  0 0 0 1 0  1 1 0 1 0  89.12  88.08  62.39    
0 0 1 0 0  0 0 0 1 0  1 1 0 1 0  1 1 0 1 0  88.08  103.41  36.77    
0 0 0 1 0  1 1 0 1 0  1 1 0 1 0  0 1 0 0 0  103.41  81.59  87.79    
1 1 0 1 0  1 1 0 1 0  0 1 0 0 0  0 1 0 0 0  81.59  82.63  69.09    
1 1 0 1 0  0 1 0 0 0  0 1 0 0 0  0 1 1 0 1  82.63  95.54  92.08    
0 1 0 0 0  0 1 0 0 0  0 1 1 0 1  0 1 1 1 1  95.54  110.59  22.08    
0 1 0 0 0  0 1 1 0 1  0 1 1 1 1  1 1 1 1 0  110.59  92.21  112.64    
0 1 1 0 1  0 1 1 1 1  1 1 1 1 0  1 1 1 1 0  92.21  141.04  102.33    
0 1 1 1 1  1 1 1 1 0  1 1 1 1 0  0 0 1 1 0  141.04  94.14  115.62    
1 1 1 1 0  1 1 1 1 0  0 0 1 1 0  0 1 1 0 1  94.14  89.57  111.58    
1 1 1 1 0  0 0 1 1 0  0 1 1 0 1  1 1 0 0 0  89.57  89.88  60.35    
0 0 1 1 0  0 1 1 0 1  1 1 0 0 0  0 0 0 1 0  89.88  105.98  42.95    
0 1 1 0 1  1 1 0 0 0  0 0 0 1 0  1 1 1 0 1  105.98  121.37  178.01    
1 1 0 0 0  0 0 0 1 0  1 1 1 0 1  1 0 0 0 0  121.37  94.82  114.79    
0 0 0 1 0  1 1 1 0 1  1 0 0 0 0  0 1 1 0 1  94.82  97.41  177.53    
1 1 1 0 1  1 0 0 0 0  0 1 1 0 1  1 1 1 0 1  97.41  89.09  56.33    
1 0 0 0 0  0 1 1 0 1  1 1 1 0 1  0 1 1 0 0  89.09  92.02  44.65    
0 1 1 0 1  1 1 1 0 1  0 1 1 0 0  1 0 1 0 0  92.02  91.49  52.13    
1 1 1 0 1  0 1 1 0 0  1 0 1 0 0  1 1 0 0 1  91.49  94.49  46.23    
0 1 1 0 0  1 0 1 0 0  1 1 0 0 1  1 1 0 0 0  94.49  89.51  56.85    
1 0 1 0 0  1 1 0 0 1  1 1 0 0 0  1 1 0 0 0  89.51  118.73  120.61    
1 1 0 0 1  1 1 0 0 0  1 1 0 0 0  0 1 1 0 1  118.73  32.72  154.81    
1 1 0 0 0  1 1 0 0 0  0 1 1 0 1  0 0 1 1 0  32.72  93.8  136.76    
1 1 0 0 0  0 1 1 0 1  0 0 1 1 0  0 1 1 0 1  93.8  117.43  173.14    
0 1 1 0 1  0 0 1 1 0  0 1 1 0 1  1 0 0 0 0  117.43  127.16  115.93    
0 0 1 1 0  0 1 1 0 1  1 0 0 0 0  0 1 1 0 1  127.16  111.41  65.67    
0 1 1 0 1  1 0 0 0 0  0 1 1 0 1  1 1 0 0 0  111.41  92.6  17.08    
1 0 0 0 0  0 1 1 0 1  1 1 0 0 0  0 1 1 1 0  92.6  130.4  110.22    
0 1 1 0 1  1 1 0 0 0  0 1 1 1 0  0 1 1 0 0  130.4  134.77  165.62    
1 1 0 0 0  0 1 1 1 0  0 1 1 0 0  0 0 1 1 0  134.77  98.85  91.57    
0 1 1 1 0  0 1 1 0 0  0 0 1 1 0  0 1 0 0 0  98.85  103.23  124.42    
0 1 1 0 0  0 0 1 1 0  0 1 0 0 0  1 0 0 1 0  103.23  124.64  149.19    
0 0 1 1 0  0 1 0 0 0  1 0 0 1 0  1 0 0 0 0  124.64  99.55  128.04    
0 1 0 0 0  1 0 0 1 0  1 0 0 0 0  0 0 0 0 1  99.55  92.88  42.69    
1 0 0 1 0  1 0 0 0 0  0 0 0 0 1  0 1 1 1 0  92.88  95.19  59.21    
1 0 0 0 0  0 0 0 0 1  0 1 1 1 0  0 1 1 1 0  95.19  106.39  24.63    
0 0 0 0 1  0 1 1 1 0  0 1 1 1 0  0 0 0 1 0  106.39  112.67  69.75    
0 1 1 1 0  0 1 1 1 0  0 0 0 1 0  1 1 0 1 0  112.67  113.45  124.12    
0 1 1 1 0  0 0 0 1 0  1 1 0 1 0  1 1 0 1 0  113.45  71.92  178.17    
0 0 0 1 0  1 1 0 1 0  1 1 0 1 0  1 1 1 1 0  71.92  136.89  114.07    
1 1 0 1 0  1 1 0 1 0  1 1 1 1 0  1 1 1 0 0  136.89  85.86  59.15    
1 1 0 1 0  1 1 1 1 0  1 1 1 0 0  1 1 0 1 0  85.86  91.01  48.79    
1 1 1 1 0  1 1 1 0 0  1 1 0 1 0  0 1 1 1 0  91.01  95.68  48.35    
1 1 1 0 0  1 1 0 1 0  0 1 1 1 0  1 1 1 0 0  95.68  106.49  33.55    
1 1 0 1 0  0 1 1 1 0  1 1 1 0 0  1 0 0 1 0  106.49  102.25  27.96    
0 1 1 1 0  1 1 1 0 0  1 0 0 1 0  1 1 1 1 0  102.25  106.86  25.51    
1 1 1 0 0  1 0 0 1 0  1 1 1 1 0  1 0 0 1 0  106.86  101.25  31.81    
1 0 0 1 0  1 1 1 1 0  1 0 0 1 0  1 0 0 1 0  101.25  106.52  27.44    
1 1 1 1 0  1 0 0 1 0  1 0 0 1 0  0 1 1 0 0  106.52  101.58  32.14    
1 0 0 1 0  1 0 0 1 0  0 1 1 0 0  0 0 1 1 0  101.58  102.8  26.62    
1 0 0 1 0  0 1 1 0 0  0 0 1 1 0  0 1 1 1 0  102.8  103.9  32.63    
0 1 1 0 0  0 0 1 1 0  0 1 1 1 0  0 1 0 0 0  103.9  113.1  18.85    
0 0 1 1 0  0 1 1 1 0  0 1 0 0 0  0 1 0 0 0  113.1  92.71  6.85    
0 1 1 1 0  0 1 0 0 0  0 1 0 0 0  0 1 1 1 0  92.71  130.97  96.38    
0 1 0 0 0  0 1 0 0 0  0 1 1 1 0  0 0 0 1 0  130.97  92.24  40.7    
0 1 0 0 0  0 1 1 1 0  0 0 0 1 0  0 1 0 0 0  92.24  91.86  44.97    
0 1 1 1 0  0 0 0 1 0  0 1 0 0 0  0 1 0 0 0  91.86  91.0  51.35    
0 0 0 1 0  0 1 0 0 0  0 1 0 0 0  0 1 0 0 0  91.0  89.34  48.21    
0 1 0 0 0  0 1 0 0 0  0 1 0 0 0  1 1 0 1 0  89.34  88.21  52.84    
0 1 0 0 0  0 1 0 0 0  1 1 0 1 0  0 1 0 0 0  88.21  89.03  51.85    
0 1 0 0 0  1 1 0 1 0  0 1 0 0 0  0 1 1 0 1  89.03  89.06  52.54    
1 1 0 1 0  0 1 0 0 0  0 1 1 0 1  0 1 1 1 0  89.06  92.6  50.26    
0 1 0 0 0  0 1 1 0 1  0 1 1 1 0  1 1 1 0 0  92.6  93.53  48.22    
0 1 1 0 1  0 1 1 1 0  1 1 1 0 0  0 1 0 0 0  93.53  88.95  49.77    
0 1 1 1 0  1 1 1 0 0  0 1 0 0 0  1 1 1 1 1  88.95  87.74  54.11    
1 1 1 0 0  0 1 0 0 0  1 1 1 1 1  1 0 0 0 1  87.74  92.2  47.23    
0 1 0 0 0  1 1 1 1 1  1 0 0 0 1  1 0 0 1 0  92.2  93.43  52.91    
1 1 1 1 1  1 0 0 0 1  1 0 0 1 0  0 1 1 0 0  93.43  94.58  42.63    
1 0 0 0 1  1 0 0 1 0  0 1 1 0 0  0 1 1 0 0  94.58  89.64  49.74    
1 0 0 1 0  0 1 1 0 0  0 1 1 0 0  0 1 1 0 0  89.64  92.31  50.68    
0 1 1 0 0  0 1 1 0 0  0 1 1 0 0  1 1 1 1 1  92.31  92.13  48.44    
0 1 1 0 0  0 1 1 0 0  1 1 1 1 1  1 1 1 1 1  92.13  90.57  48.27    
0 1 1 0 0  1 1 1 1 1  1 1 1 1 1  1 1 0 0 0  90.57  91.56  50.23    
1 1 1 1 1  1 1 1 1 1  1 1 0 0 0  0 1 0 0 0  91.56  94.45  48.38    
1 1 1 1 1  1 1 0 0 0  0 1 0 0 0  0 1 1 0 0  94.45  90.56  48.72    
1 1 0 0 0  0 1 0 0 0  0 1 1 0 0  0 0 0 0 1  90.56  90.24  51.08    
0 1 0 0 0  0 1 1 0 0  0 0 0 0 1  0 1 0 0 0  90.24  91.02  51.02    
0 1 1 0 0  0 0 0 0 1  0 1 0 0 0  1 0 0 0 0  91.02  90.57  53.77    
0 0 0 0 1  0 1 0 0 0  1 0 0 0 0  0 0 0 0 1  90.57  93.64  42.91    
0 1 0 0 0  1 0 0 0 0  0 0 0 0 1  1 1 1 1 0  93.64  90.56  54.99    
1 0 0 0 0  0 0 0 0 1  1 1 1 1 0  0 1 1 1 1  90.56  91.78  48.53    
0 0 0 0 1  1 1 1 1 0  0 1 1 1 1  1 0 0 0 0  91.78  90.71  48.58    
1 1 1 1 0  0 1 1 1 1  1 0 0 0 0  0 0 1 0 0  90.71  90.6  46.67    
0 1 1 1 1  1 0 0 0 0  0 0 1 0 0  0 1 0 0 0  90.6  92.24  52.33    
1 0 0 0 0  0 0 1 0 0  0 1 0 0 0  1 1 1 1 0  92.24  90.72  51.01    
0 0 1 0 0  0 1 0 0 0  1 1 1 1 0  0 0 0 0 1  90.72  97.2  43.51    
0 1 0 0 0  1 1 1 1 0  0 0 0 0 1  1 1 1 1 0  97.2  91.02  49.89    
1 1 1 1 0  0 0 0 0 1  1 1 1 1 0  0 1 0 0 0  91.02  90.24  51.6    
0 0 0 0 1  1 1 1 1 0  0 1 0 0 0  1 1 1 0 1  90.24  88.87  55.14    
1 1 1 1 0  0 1 0 0 0  1 1 1 0 1  0 1 1 1 0  88.87  91.05  45.95    
0 1 0 0 0  1 1 1 0 1  0 1 1 1 0  1 0 0 0 1  91.05  88.29  54.94    
1 1 1 0 1  0 1 1 1 0  1 0 0 0 1  1 0 0 0 0  88.29  92.56  48.09    
0 1 1 1 0  1 0 0 0 1  1 0 0 0 0  1 1 1 0 1  92.56  95.15  57.37    
1 0 0 0 1  1 0 0 0 0  1 1 1 0 1  0 1 1 0 0  95.15  96.15  34.92    
1 0 0 0 0  1 1 1 0 1  0 1 1 0 0  0 0 0 0 1  96.15  114.39  119.71    
1 1 1 0 1  0 1 1 0 0  0 0 0 0 1  1 1 1 1 0  114.39  105.25  162.98    
0 1 1 0 0  0 0 0 0 1  1 1 1 1 0  0 1 1 0 0  105.25  133.45  41.27    
0 0 0 0 1  1 1 1 1 0  0 1 1 0 0  0 1 1 0 0  133.45  93.86  112.37    
1 1 1 1 0  0 1 1 0 0  0 1 1 0 0  1 1 0 0 0  93.86  91.9  64.38    
0 1 1 0 0  0 1 1 0 0  1 1 0 0 0  0 1 1 1 0  91.9  93.12  49.81    
0 1 1 0 0  1 1 0 0 0  0 1 1 1 0  1 1 1 0 1  93.12  86.8  50.67    
1 1 0 0 0  0 1 1 1 0  1 1 1 0 1  0 0 0 0 1  86.8  95.97  52.21    
0 1 1 1 0  1 1 1 0 1  0 0 0 0 1  0 1 1 0 0  95.97  93.1  50.07    
1 1 1 0 1  0 0 0 0 1  0 1 1 0 0  0 1 0 0 0  93.1  93.26  46.15    
0 0 0 0 1  0 1 1 0 0  0 1 0 0 0  0 0 1 0 0  93.26  90.26  50.8    
0 1 1 0 0  0 1 0 0 0  0 0 1 0 0  0 0 1 0 0  90.26  86.58  38.22    
0 1 0 0 0  0 0 1 0 0  0 0 1 0 0  1 1 1 0 1  86.58  84.82  88.52    
0 0 1 0 0  0 0 1 0 0  1 1 1 0 1  1 1 0 1 0  84.82  91.39  47.96    
0 0 1 0 0  1 1 1 0 1  1 1 0 1 0  1 1 1 1 1  91.39  91.75  50.91    
1 1 1 0 1  1 1 0 1 0  1 1 1 1 1  0 1 1 0 0  91.75  93.42  51.38    
1 1 0 1 0  1 1 1 1 1  0 1 1 0 0  0 1 1 0 0  93.42  91.04  47.44    
1 1 1 1 1  0 1 1 0 0  0 1 1 0 0  0 1 1 0 0  91.04  91.13  47.97    
0 1 1 0 0  0 1 1 0 0  0 1 1 0 0  0 1 0 0 0  91.13  95.07  55.4    
0 1 1 0 0  0 1 1 0 0  0 1 0 0 0  0 0 0 0 1  95.07  85.77  42.9    
0 1 1 0 0  0 1 0 0 0  0 0 0 0 1  0 1 1 0 0  85.77  93.59  53.16    
0 1 0 0 0  0 0 0 0 1  0 1 1 0 0  1 1 0 0 0  93.59  86.98  45.65    
0 0 0 0 1  0 1 1 0 0  1 1 0 0 0  1 1 1 0 1  86.98  88.23  72.55    
0 1 1 0 0  1 1 0 0 0  1 1 1 0 1  1 1 0 1 0  88.23  67.36  127.78    
1 1 0 0 0  1 1 1 0 1  1 1 0 1 0  1 1 1 0 1  67.36  116.23  45.73    
1 1 1 0 1  1 1 0 1 0  1 1 1 0 1  0 0 0 0 1  116.23  90.07  98.09    
1 1 0 1 0  1 1 1 0 1  0 0 0 0 1  1 0 0 1 0  90.07  86.86  47.44    
1 1 1 0 1  0 0 0 0 1  1 0 0 1 0  1 1 1 1 1  86.86  96.47  47.58    
0 0 0 0 1  1 0 0 1 0  1 1 1 1 1  1 0 1 0 0  96.47  90.49  48.4    
1 0 0 1 0  1 1 1 1 1  1 0 1 0 0  0 1 1 0 1  90.49  88.17  55.2    
1 1 1 1 1  1 0 1 0 0  0 1 1 0 1  1 0 0 1 0  88.17  96.89  54.01    
1 0 1 0 0  0 1 1 0 1  1 0 0 1 0  0 0 0 0 1  96.89  90.41  41.67    
0 1 1 0 1  1 0 0 1 0  0 0 0 0 1  1 0 0 0 1  90.41  88.13  56.71    
1 0 0 1 0  0 0 0 0 1  1 0 0 0 1  0 1 0 0 0  88.13  89.52  44.48    
0 0 0 0 1  1 0 0 0 1  0 1 0 0 0  0 1 1 1 0  89.52  96.92  52.72    
1 0 0 0 1  0 1 0 0 0  0 1 1 1 0  0 1 1 0 1  96.92  91.19  39.92    
0 1 0 0 0  0 1 1 1 0  0 1 1 0 1  1 1 0 0 0  91.19  91.55  54.75    
0 1 1 1 0  0 1 1 0 1  1 1 0 0 0  1 0 0 0 1  91.55  92.03  47.41    
0 1 1 0 1  1 1 0 0 0  1 0 0 0 1  0 0 0 0 1  92.03  88.17  52.03    
1 1 0 0 0  1 0 0 0 1  0 0 0 0 1  0 0 0 0 1  88.17  91.35  50.45    
1 0 0 0 1  0 0 0 0 1  0 0 0 0 1  0 1 1 0 0  91.35  89.77  52.14    
0 0 0 0 1  0 0 0 0 1  0 1 1 0 0  0 1 0 0 0  89.77  94.24  44.95    
0 0 0 0 1  0 1 1 0 0  0 1 0 0 0  0 1 0 0 0  94.24  93.37  77.42    
0 1 1 0 0  0 1 0 0 0  0 1 0 0 0  1 1 1 0 1  93.37  154.71  87.06    
0 1 0 0 0  0 1 0 0 0  1 1 1 0 1  0 1 0 0 0  154.71  91.66  136.47    
0 1 0 0 0  1 1 1 0 1  0 1 0 0 0  0 1 1 0 0  91.66  88.88  47.63    
1 1 1 0 1  0 1 0 0 0  0 1 1 0 0  1 1 1 1 0  88.88  92.44  49.73    
0 1 0 0 0  0 1 1 0 0  1 1 1 1 0  1 0 0 0 0  92.44  88.8  55.01    
0 1 1 0 0  1 1 1 1 0  1 0 0 0 0  0 1 1 0 1  88.8  87.6  53.91    
1 1 1 1 0  1 0 0 0 0  0 1 1 0 1  1 1 1 0 1  87.6  95.96  111.26    
1 0 0 0 0  0 1 1 0 1  1 1 1 0 1  0 1 1 1 0  95.96  99.8  139.39    
0 1 1 0 1  1 1 1 0 1  0 1 1 1 0  1 1 1 0 1  99.8  99.98  169.3    
1 1 1 0 1  0 1 1 1 0  1 1 1 0 1  1 0 0 0 0  99.98  90.63  45.69    
0 1 1 1 0  1 1 1 0 1  1 0 0 0 0  0 1 1 0 0  90.63  89.13  48.28    
1 1 1 0 1  1 0 0 0 0  0 1 1 0 0  1 1 0 0 0  89.13  94.59  49.19    
1 0 0 0 0  0 1 1 0 0  1 1 0 0 0  0 1 1 0 0  94.59  90.91  48.2    
0 1 1 0 0  1 1 0 0 0  0 1 1 0 0  0 1 1 0 0  90.91  89.91  49.07    
1 1 0 0 0  0 1 1 0 0  0 1 1 0 0  0 1 1 0 0  89.91  91.02  48.3    
0 1 1 0 0  0 1 1 0 0  0 1 1 0 0  1 0 0 0 0  91.02  90.61  51.69    
0 1 1 0 0  0 1 1 0 0  1 0 0 0 0  1 1 0 0 0  90.61  88.95  65.58    
0 1 1 0 0  1 0 0 0 0  1 1 0 0 0  0 1 0 0 0  88.95  87.16  68.19    
1 0 0 0 0  1 1 0 0 0  0 1 0 0 0  1 1 1 0 1  87.16  85.51  77.34    
1 1 0 0 0  0 1 0 0 0  1 1 1 0 1  0 0 1 0 0  85.51  91.49  68.4    
0 1 0 0 0  1 1 1 0 1  0 0 1 0 0  0 0 1 0 0  91.49  91.14  52.16    
1 1 1 0 1  0 0 1 0 0  0 0 1 0 0  1 1 1 1 1  91.14  91.76  46.51    
0 0 1 0 0  0 0 1 0 0  1 1 1 1 1  1 1 1 1 0  91.76  92.67  52.13    
0 0 1 0 0  1 1 1 1 1  1 1 1 1 0  0 1 1 0 0  92.67  95.81  44.11    
1 1 1 1 1  1 1 1 1 0  0 1 1 0 0  1 1 1 0 0  95.81  100.93  38.0    
1 1 1 1 0  0 1 1 0 0  1 1 1 0 0  1 0 0 0 1  100.93  119.8  2.39    
0 1 1 0 0  1 1 1 0 0  1 0 0 0 1  1 1 0 0 0  119.8  95.34  53.65    
1 1 1 0 0  1 0 0 0 1  1 1 0 0 0  1 1 1 0 1  95.34  90.87  51.59    
1 0 0 0 1  1 1 0 0 0  1 1 1 0 1  1 1 1 0 0  90.87  87.79  49.25    
1 1 0 0 0  1 1 1 0 1  1 1 1 0 0  0 1 0 0 0  87.79  92.04  50.49    
1 1 1 0 1  1 1 1 0 0  0 1 0 0 0  1 0 0 0 0  92.04  92.52  47.18    
1 1 1 0 0  0 1 0 0 0  1 0 0 0 0  1 1 1 1 1  92.52  95.23  49.09    
0 1 0 0 0  1 0 0 0 0  1 1 1 1 1  0 1 1 0 0  95.23  92.27  46.22    
1 0 0 0 0  1 1 1 1 1  0 1 1 0 0  1 1 1 1 1  92.27  92.0  50.49    
1 1 1 1 1  0 1 1 0 0  1 1 1 1 1  1 1 0 0 1  92.0  89.3  47.6    
0 1 1 0 0  1 1 1 1 1  1 1 0 0 1  0 0 1 0 0  89.3  93.57  50.65    
1 1 1 1 1  1 1 0 0 1  0 0 1 0 0  0 1 0 0 0  93.57  90.12  50.75    
1 1 0 0 1  0 0 1 0 0  0 1 0 0 0  1 1 0 0 0  90.12  92.93  47.18    
0 0 1 0 0  0 1 0 0 0  1 1 0 0 0  1 1 1 0 1  92.93  88.57  51.95    
0 1 0 0 0  1 1 0 0 0  1 1 1 0 1  1 0 0 0 0  88.57  90.19  51.71    
1 1 0 0 0  1 1 1 0 1  1 0 0 0 0  0 1 1 1 0  90.19  90.26  49.44    
1 1 1 0 1  1 0 0 0 0  0 1 1 1 0  1 0 1 0 0  90.26  91.25  50.67    
1 0 0 0 0  0 1 1 1 0  1 0 1 0 0  0 1 1 0 0  91.25  91.05  48.47    
0 1 1 1 0  1 0 1 0 0  0 1 1 0 0  0 1 1 0 0  91.05  91.92  48.33    
1 0 1 0 0  0 1 1 0 0  0 1 1 0 0  1 1 1 0 1  91.92  90.14  51.71    
0 1 1 0 0  0 1 1 0 0  1 1 1 0 1  1 1 0 0 1  90.14  90.58  52.74    
0 1 1 0 0  1 1 1 0 1  1 1 0 0 1  0 1 1 0 0  90.58  90.67  51.58    
1 1 1 0 1  1 1 0 0 1  0 1 1 0 0  0 1 1 0 0  90.67  91.57  46.86    
1 1 0 0 1  0 1 1 0 0  0 1 1 0 0  1 0 0 0 1  91.57  92.38  49.74    
0 1 1 0 0  0 1 1 0 0  1 0 0 0 1  1 0 0 0 1  92.38  88.12  57.9    
0 1 1 0 0  1 0 0 0 1  1 0 0 0 1  1 0 0 0 1  88.12  94.42  40.77    
1 0 0 0 1  1 0 0 0 1  1 0 0 0 1  0 1 1 0 0  94.42  88.67  92.77    
1 0 0 0 1  1 0 0 0 1  0 1 1 0 0  0 1 1 0 1  88.67  90.69  38.8    
1 0 0 0 1  0 1 1 0 0  0 1 1 0 1  0 1 0 0 0  90.69  91.82  52.16    
0 1 1 0 0  0 1 1 0 1  0 1 0 0 0  1 0 0 1 0  91.82  91.43  51.2    
0 1 1 0 1  0 1 0 0 0  1 0 0 1 0  0 1 1 0 0  91.43  87.69  54.35    
0 1 0 0 0  1 0 0 1 0  0 1 1 0 0  0 1 0 0 0  87.69  92.21  47.0    
1 0 0 1 0  0 1 1 0 0  0 1 0 0 0  0 1 0 0 0  92.21  83.88  130.26    
0 1 1 0 0  0 1 0 0 0  0 1 0 0 0  0 0 1 1 0  83.88  97.87  94.55    
0 1 0 0 0  0 1 0 0 0  0 0 1 1 0  0 1 1 1 1  97.87  96.92  141.51    
0 1 0 0 0  0 0 1 1 0  0 1 1 1 1  0 1 0 0 0  96.92  102.71  34.59    
0 0 1 1 0  0 1 1 1 1  0 1 0 0 0  0 0 0 1 0  102.71  96.54  74.78    
0 1 1 1 1  0 1 0 0 0  0 0 0 1 0  0 1 0 0 0  96.54  91.25  61.62    
0 1 0 0 0  0 0 0 1 0  0 1 0 0 0  1 0 1 0 0  91.25  92.68  44.55    
0 0 0 1 0  0 1 0 0 0  1 0 1 0 0  1 0 0 0 1  92.68  90.9  48.29    
0 1 0 0 0  1 0 1 0 0  1 0 0 0 1  1 0 0 0 1  90.9  92.06  50.44    
1 0 1 0 0  1 0 0 0 1  1 0 0 0 1  1 1 1 1 0  92.06  88.32  51.74    
1 0 0 0 1  1 0 0 0 1  1 1 1 1 0  0 0 1 1 0  88.32  87.98  53.29    
1 0 0 0 1  1 1 1 1 0  0 0 1 1 0  1 0 0 1 0  87.98  90.4  54.94    
1 1 1 1 0  0 0 1 1 0  1 0 0 1 0  0 0 1 0 0  90.4  91.79  47.42    
0 0 1 1 0  1 0 0 1 0  0 0 1 0 0  1 0 0 1 0  91.79  90.72  50.25    
1 0 0 1 0  0 0 1 0 0  1 0 0 1 0  1 0 0 1 0  90.72  105.45  35.88    
0 0 1 0 0  1 0 0 1 0  1 0 0 1 0  0 0 1 1 0  105.45  96.83  35.44    
1 0 0 1 0  1 0 0 1 0  0 0 1 1 0  0 0 0 1 0  96.83  109.92  47.91    
1 0 0 1 0  0 0 1 1 0  0 0 0 1 0  0 0 0 0 1  109.92  87.02  158.42    
0 0 1 1 0  0 0 0 1 0  0 0 0 0 1  0 0 1 1 0  87.02  87.8  62.95    
0 0 0 1 0  0 0 0 0 1  0 0 1 1 0  1 1 0 0 1  87.8  119.58  86.29    
0 0 0 0 1  0 0 1 1 0  1 1 0 0 1  1 1 0 0 1  119.58  108.65  4.94    
0 0 1 1 0  1 1 0 0 1  1 1 0 0 1  1 0 1 0 0  108.65  76.77  117.66    
1 1 0 0 1  1 1 0 0 1  1 0 1 0 0  0 1 1 0 0  76.77  114.02  32.83    
1 1 0 0 1  1 0 1 0 0  0 1 1 0 0  0 0 0 1 0  114.02  105.65  92.71    
1 0 1 0 0  0 1 1 0 0  0 0 0 1 0  0 1 0 0 0  105.65  120.94  96.89    
0 1 1 0 0  0 0 0 1 0  0 1 0 0 0  0 1 0 0 0  120.94  104.96  28.59    
0 0 0 1 0  0 1 0 0 0  0 1 0 0 0  0 1 1 1 1  104.96  97.21  92.33    
0 1 0 0 0  0 1 0 0 0  0 1 1 1 1  0 1 0 0 0  97.21  89.46  132.29    
0 1 0 0 0  0 1 1 1 1  0 1 0 0 0  1 1 0 1 0  89.46  92.61  46.29    
0 1 1 1 1  0 1 0 0 0  1 1 0 1 0  1 1 1 0 0  92.61  89.85  55.59    
0 1 0 0 0  1 1 0 1 0  1 1 1 0 0  0 1 0 0 0  89.85  92.75  42.31    
1 1 0 1 0  1 1 1 0 0  0 1 0 0 0  0 1 1 0 0  92.75  88.62  54.71    
1 1 1 0 0  0 1 0 0 0  0 1 1 0 0  1 0 0 0 1  88.62  91.32  48.08    
0 1 0 0 0  0 1 1 0 0  1 0 0 0 1  0 1 1 1 0  91.32  91.59  49.49    
0 1 1 0 0  1 0 0 0 1  0 1 1 1 0  0 1 1 1 0  91.59  80.39  138.53    
1 0 0 0 1  0 1 1 1 0  0 1 1 1 0  0 1 0 0 0  80.39  86.64  90.79    
0 1 1 1 0  0 1 1 1 0  0 1 0 0 0  0 1 1 0 0  86.64  88.52  151.58    
0 1 1 1 0  0 1 0 0 0  0 1 1 0 0  1 0 1 0 0  88.52  90.02  48.32    
0 1 0 0 0  0 1 1 0 0  1 0 1 0 0  0 0 1 0 0  90.02  91.17  49.67    
0 1 1 0 0  1 0 1 0 0  0 0 1 0 0  0 0 1 0 0  91.17  139.54  125.46    
1 0 1 0 0  0 0 1 0 0  0 0 1 0 0  1 1 1 1 0  139.54  107.29  66.19    
0 0 1 0 0  0 0 1 0 0  1 1 1 1 0  1 1 0 0 1  107.29  85.59  110.96    
0 0 1 0 0  1 1 1 1 0  1 1 0 0 1  0 1 1 1 0  85.59  88.56  64.35    
1 1 1 1 0  1 1 0 0 1  0 1 1 1 0  0 1 1 1 0  88.56  101.58  48.24    
1 1 0 0 1  0 1 1 1 0  0 1 1 1 0  1 1 1 1 0  101.58  106.77  66.02    
0 1 1 1 0  0 1 1 1 0  1 1 1 1 0  0 0 0 1 0  106.77  97.74  70.33    
0 1 1 1 0  1 1 1 1 0  0 0 0 1 0  1 0 0 1 0  97.74  87.36  55.92    
1 1 1 1 0  0 0 0 1 0  1 0 0 1 0  1 0 0 0 1  87.36  92.35  50.89    
0 0 0 1 0  1 0 0 1 0  1 0 0 0 1  1 1 1 0 0  92.35  89.46  50.72    
1 0 0 1 0  1 0 0 0 1  1 1 1 0 0  0 1 1 0 0  89.46  92.63  47.77    
1 0 0 0 1  1 1 1 0 0  0 1 1 0 0  1 1 1 0 0  92.63  94.14  48.58    
1 1 1 0 0  0 1 1 0 0  1 1 1 0 0  1 1 1 1 1  94.14  97.78  41.1    
0 1 1 0 0  1 1 1 0 0  1 1 1 1 1  1 0 0 0 1  97.78  109.59  28.7    
1 1 1 0 0  1 1 1 1 1  1 0 0 0 1  1 1 1 1 1  109.59  116.52  59.59    
1 1 1 1 1  1 0 0 0 1  1 1 1 1 1  1 0 0 0 0  116.52  96.34  164.3    
1 0 0 0 1  1 1 1 1 1  1 0 0 0 0  1 0 0 1 0  96.34  88.24  56.47    
1 1 1 1 1  1 0 0 0 0  1 0 0 1 0  1 1 1 1 1  88.24  94.41  42.63    
1 0 0 0 0  1 0 0 1 0  1 1 1 1 1  1 1 0 0 0  94.41  91.54  49.57    
1 0 0 1 0  1 1 1 1 1  1 1 0 0 0  0 0 1 0 0  91.54  93.27  46.99    
1 1 1 1 1  1 1 0 0 0  0 0 1 0 0  1 0 0 1 0  93.27  91.1  48.99    
1 1 0 0 0  0 0 1 0 0  1 0 0 1 0  1 1 1 1 1  91.1  87.92  53.0    
0 0 1 0 0  1 0 0 1 0  1 1 1 1 1  1 1 1 1 1  87.92  92.23  169.42    
1 0 0 1 0  1 1 1 1 1  1 1 1 1 1  1 1 1 0 1  92.23  62.56  95.54    
1 1 1 1 1  1 1 1 1 1  1 1 1 0 1  1 0 0 0 1  62.56  90.0  131.79    
1 1 1 1 1  1 1 1 0 1  1 0 0 0 1  1 0 0 0 1  90.0  93.7  48.61    
1 1 1 0 1  1 0 0 0 1  1 0 0 0 1  1 1 1 1 1  93.7  95.51  42.32    
1 0 0 0 1  1 0 0 0 1  1 1 1 1 1  1 1 0 0 1  95.51  92.09  51.12    
