  
1 1 0 0 0  0 1 1 1 0  1 1 0 0 0  0 1 0 0 0  124.56  122.82  152.62    
0 1 1 1 0  1 1 0 0 0  0 1 0 0 0  0 1 1 1 0  122.82  115.7  172.25    
1 1 0 0 0  0 1 0 0 0  0 1 1 1 0  1 0 0 0 0  115.7  119.97  172.63    
0 1 0 0 0  0 1 1 1 0  1 0 0 0 0  1 1 0 0 1  119.97  121.41  158.88    
0 1 1 1 0  1 0 0 0 0  1 1 0 0 1  0 1 1 0 1  121.41  140.39  165.05    
1 0 0 0 0  1 1 0 0 1  0 1 1 0 1  0 1 1 0 1  140.39  101.17  64.3    
1 1 0 0 1  0 1 1 0 1  0 1 1 0 1  0 1 1 0 1  101.17  128.81  122.11    
0 1 1 0 1  0 1 1 0 1  0 1 1 0 1  0 0 0 1 0  128.81  136.33  100.61    
0 1 1 0 1  0 1 1 0 1  0 0 0 1 0  0 1 1 1 0  136.33  122.48  18.36    
0 1 1 0 1  0 0 0 1 0  0 1 1 1 0  1 0 0 0 0  122.48  134.3  171.98    
0 0 0 1 0  0 1 1 1 0  1 0 0 0 0  0 1 1 0 0  134.3  117.4  108.19    
0 1 1 1 0  1 0 0 0 0  0 1 1 0 0  0 1 1 0 1  117.4  110.98  94.43    
1 0 0 0 0  0 1 1 0 0  0 1 1 0 1  0 1 1 0 1  110.98  90.53  29.05    
0 1 1 0 0  0 1 1 0 1  0 1 1 0 1  1 1 0 0 1  90.53  132.98  111.81    
0 1 1 0 1  0 1 1 0 1  1 1 0 0 1  0 1 0 0 0  132.98  136.21  116.85    
0 1 1 0 1  1 1 0 0 1  0 1 0 0 0  1 1 1 1 1  136.21  134.18  176.45    
1 1 0 0 1  0 1 0 0 0  1 1 1 1 1  0 1 0 0 0  134.18  117.63  149.54    
0 1 0 0 0  1 1 1 1 1  0 1 0 0 0  1 1 0 0 1  117.63  119.94  158.08    
1 1 1 1 1  0 1 0 0 0  1 1 0 0 1  0 0 1 1 0  119.94  130.43  157.49    
0 1 0 0 0  1 1 0 0 1  0 0 1 1 0  0 1 1 0 0  130.43  120.96  168.7    
1 1 0 0 1  0 0 1 1 0  0 1 1 0 0  0 1 1 0 0  120.96  114.85  158.51    
0 0 1 1 0  0 1 1 0 0  0 1 1 0 0  1 1 0 0 1  114.85  122.77  159.0    
0 1 1 0 0  0 1 1 0 0  1 1 0 0 1  0 1 1 0 1  122.77  145.84  156.57    
0 1 1 0 0  1 1 0 0 1  0 1 1 0 1  1 1 1 1 1  145.84  101.94  69.61    
1 1 0 0 1  0 1 1 0 1  1 1 1 1 1  1 1 0 0 1  101.94  141.57  19.16    
0 1 1 0 1  1 1 1 1 1  1 1 0 0 1  1 0 0 1 0  141.57  112.55  68.86    
1 1 1 1 1  1 1 0 0 1  1 0 0 1 0  1 1 0 0 1  112.55  94.75  169.02    
1 1 0 0 1  1 0 0 1 0  1 1 0 0 1  1 1 1 1 0  94.75  90.87  120.84    
1 0 0 1 0  1 1 0 0 1  1 1 1 1 0  1 1 0 0 1  90.87  98.73  34.25    
1 1 0 0 1  1 1 1 1 0  1 1 0 0 1  0 1 1 1 0  98.73  136.8  124.04    
1 1 1 1 0  1 1 0 0 1  0 1 1 1 0  1 1 0 1 0  136.8  117.04  147.43    
1 1 0 0 1  0 1 1 1 0  1 1 0 1 0  0 1 1 0 0  117.04  130.29  168.15    
0 1 1 1 0  1 1 0 1 0  0 1 1 0 0  0 1 1 1 1  130.29  143.94  179.62    
1 1 0 1 0  0 1 1 0 0  0 1 1 1 1  1 0 0 1 0  143.94  120.14  134.33    
0 1 1 0 0  0 1 1 1 1  1 0 0 1 0  1 1 1 1 1  120.14  132.15  172.37    
0 1 1 1 1  1 0 0 1 0  1 1 1 1 1  1 1 0 0 0  132.15  134.69  156.22    
1 0 0 1 0  1 1 1 1 1  1 1 0 0 0  0 1 1 0 0  134.69  124.49  160.56    
1 1 1 1 1  1 1 0 0 0  0 1 1 0 0  0 0 0 1 0  124.49  120.52  161.84    
1 1 0 0 0  0 1 1 0 0  0 0 0 1 0  0 1 1 0 1  120.52  111.48  72.41    
0 1 1 0 0  0 0 0 1 0  0 1 1 0 1  1 1 1 0 1  111.48  94.34  3.76    
0 0 0 1 0  0 1 1 0 1  1 1 1 0 1  1 0 0 0 0  94.34  133.85  103.6    
0 1 1 0 1  1 1 1 0 1  1 0 0 0 0  1 1 1 1 1  133.85  118.61  104.06    
1 1 1 0 1  1 0 0 0 0  1 1 1 1 1  1 0 0 0 0  118.61  112.13  83.21    
1 0 0 0 0  1 1 1 1 1  1 0 0 0 0  1 0 0 1 0  112.13  124.52  143.67    
1 1 1 1 1  1 0 0 0 0  1 0 0 1 0  0 1 0 0 0  124.52  113.3  126.77    
1 0 0 0 0  1 0 0 1 0  0 1 0 0 0  1 1 0 0 1  113.3  110.94  167.32    
1 0 0 1 0  0 1 0 0 0  1 1 0 0 1  0 1 1 1 0  110.94  145.0  15.26    
0 1 0 0 0  1 1 0 0 1  0 1 1 1 0  0 1 0 0 0  145.0  132.02  153.34    
1 1 0 0 1  0 1 1 1 0  0 1 0 0 0  1 1 1 1 0  132.02  124.88  163.08    
0 1 1 1 0  0 1 0 0 0  1 1 1 1 0  0 1 1 1 1  124.88  107.44  143.66    
0 1 0 0 0  1 1 1 1 0  0 1 1 1 1  1 1 0 0 1  107.44  97.64  154.74    
1 1 1 1 0  0 1 1 1 1  1 1 0 0 1  1 1 0 0 1  97.64  93.09  59.78    
0 1 1 1 1  1 1 0 0 1  1 1 0 0 1  0 1 1 0 1  93.09  103.63  13.76    
1 1 0 0 1  1 1 0 0 1  0 1 1 0 1  1 1 1 1 1  103.63  90.53  127.06    
1 1 0 0 1  0 1 1 0 1  1 1 1 1 1  0 0 1 0 0  90.53  116.75  151.15    
0 1 1 0 1  1 1 1 1 1  0 0 1 0 0  1 1 0 0 1  116.75  137.26  163.16    
1 1 1 1 1  0 0 1 0 0  1 1 0 0 1  1 0 0 0 1  137.26  124.91  161.37    
0 0 1 0 0  1 1 0 0 1  1 0 0 0 1  0 1 1 0 0  124.91  126.69  150.87    
1 1 0 0 1  1 0 0 0 1  0 1 1 0 0  0 0 0 0 1  126.69  113.99  111.5    
1 0 0 0 1  0 1 1 0 0  0 0 0 0 1  1 1 0 0 1  113.99  91.81  120.19    
0 1 1 0 0  0 0 0 0 1  1 1 0 0 1  0 1 1 1 0  91.81  89.92  69.56    
0 0 0 0 1  1 1 0 0 1  0 1 1 1 0  1 1 1 0 1  89.92  103.17  20.13    
1 1 0 0 1  0 1 1 1 0  1 1 1 0 1  0 1 1 0 1  103.17  109.18  136.12    
0 1 1 1 0  1 1 1 0 1  0 1 1 0 1  1 1 1 1 1  109.18  92.62  24.19    
1 1 1 0 1  0 1 1 0 1  1 1 1 1 1  1 0 0 1 0  92.62  105.57  52.37    
0 1 1 0 1  1 1 1 1 1  1 0 0 1 0  0 0 1 0 0  105.57  127.15  48.4    
1 1 1 1 1  1 0 0 1 0  0 0 1 0 0  1 1 0 1 0  127.15  133.05  179.28    
1 0 0 1 0  0 0 1 0 0  1 1 0 1 0  1 1 0 0 1  133.05  127.62  142.11    
0 0 1 0 0  1 1 0 1 0  1 1 0 0 1  1 1 1 1 1  127.62  141.5  152.31    
1 1 0 1 0  1 1 0 0 1  1 1 1 1 1  0 0 0 0 1  141.5  147.03  143.41    
1 1 0 0 1  1 1 1 1 1  0 0 0 0 1  0 0 0 1 0  147.03  100.5  134.92    
1 1 1 1 1  0 0 0 0 1  0 0 0 1 0  0 1 1 0 0  100.5  91.27  166.62    
0 0 0 0 1  0 0 0 1 0  0 1 1 0 0  1 1 1 0 1  91.27  91.8  57.12    
0 0 0 1 0  0 1 1 0 0  1 1 1 0 1  1 0 0 0 1  91.8  94.71  37.59    
0 1 1 0 0  1 1 1 0 1  1 0 0 0 1  0 0 1 0 0  94.71  85.2  127.46    
1 1 1 0 1  1 0 0 0 1  0 0 1 0 0  0 1 1 1 0  85.2  130.5  138.25    
1 0 0 0 1  0 0 1 0 0  0 1 1 1 0  1 1 1 0 0  130.5  126.39  157.39    
0 0 1 0 0  0 1 1 1 0  1 1 1 0 0  0 1 0 0 0  126.39  135.98  152.05    
0 1 1 1 0  1 1 1 0 0  0 1 0 0 0  1 1 0 0 0  135.98  111.88  153.97    
1 1 1 0 0  0 1 0 0 0  1 1 0 0 0  1 1 0 1 0  111.88  109.47  159.66    
0 1 0 0 0  1 1 0 0 0  1 1 0 1 0  1 1 1 1 0  109.47  118.31  171.28    
1 1 0 0 0  1 1 0 1 0  1 1 1 1 0  0 1 1 0 1  118.31  132.94  178.46    
1 1 0 1 0  1 1 1 1 0  0 1 1 0 1  0 1 0 0 0  132.94  90.56  23.73    
1 1 1 1 0  0 1 1 0 1  0 1 0 0 0  1 1 1 0 1  90.56  117.61  157.42    
0 1 1 0 1  0 1 0 0 0  1 1 1 0 1  0 0 0 1 0  117.61  132.82  168.08    
0 1 0 0 0  1 1 1 0 1  0 0 0 1 0  1 0 0 0 0  132.82  90.42  101.83    
1 1 1 0 1  0 0 0 1 0  1 0 0 0 0  0 0 0 0 1  90.42  89.29  60.93    
0 0 0 1 0  1 0 0 0 0  0 0 0 0 1  0 0 1 0 0  89.29  85.8  70.7    
1 0 0 0 0  0 0 0 0 1  0 0 1 0 0  0 1 1 0 0  85.8  106.31  119.03    
0 0 0 0 1  0 0 1 0 0  0 1 1 0 0  0 1 1 1 0  106.31  147.35  106.06    
0 0 1 0 0  0 1 1 0 0  0 1 1 1 0  1 1 1 0 0  147.35  107.77  78.56    
0 1 1 0 0  0 1 1 1 0  1 1 1 0 0  1 1 1 0 0  107.77  118.78  148.38    
0 1 1 1 0  1 1 1 0 0  1 1 1 0 0  0 0 1 1 0  118.78  132.86  167.97    
1 1 1 0 0  1 1 1 0 0  0 0 1 1 0  0 1 1 0 0  132.86  116.28  147.59    
1 1 1 0 0  0 0 1 1 0  0 1 1 0 0  0 1 1 0 0  116.28  133.1  173.16    
0 0 1 1 0  0 1 1 0 0  0 1 1 0 0  1 1 0 0 1  133.1  142.64  167.97    
0 1 1 0 0  0 1 1 0 0  1 1 0 0 1  1 1 1 1 0  142.64  129.96  166.62    
0 1 1 0 0  1 1 0 0 1  1 1 1 1 0  1 1 1 1 1  129.96  90.45  179.36    
1 1 0 0 1  1 1 1 1 0  1 1 1 1 1  0 1 1 0 1  90.45  141.79  77.54    
1 1 1 1 0  1 1 1 1 1  0 1 1 0 1  1 1 0 0 1  141.79  115.56  110.04    
1 1 1 1 1  0 1 1 0 1  1 1 0 0 1  0 1 0 0 0  115.56  146.06  171.8    
0 1 1 0 1  1 1 0 0 1  0 1 0 0 0  1 1 1 0 0  146.06  89.48  132.42    
1 1 0 0 1  0 1 0 0 0  1 1 1 0 0  0 0 1 0 0  89.48  125.45  88.88    
0 1 0 0 0  1 1 1 0 0  0 0 1 0 0  0 1 0 0 0  125.45  119.39  111.59    
1 1 1 0 0  0 0 1 0 0  0 1 0 0 0  0 0 0 0 1  119.39  93.96  106.14    
0 0 1 0 0  0 1 0 0 0  0 0 0 0 1  1 1 1 1 0  93.96  91.98  59.84    
0 1 0 0 0  0 0 0 0 1  1 1 1 1 0  1 1 0 0 0  91.98  119.51  96.08    
0 0 0 0 1  1 1 1 1 0  1 1 0 0 0  1 1 1 1 0  119.51  88.19  141.84    
1 1 1 1 0  1 1 0 0 0  1 1 1 1 0  1 1 1 1 1  88.19  87.72  66.44    
1 1 0 0 0  1 1 1 1 0  1 1 1 1 1  1 1 1 0 0  87.72  91.52  75.11    
1 1 1 1 0  1 1 1 1 1  1 1 1 0 0  1 0 0 0 0  91.52  124.54  67.2    
1 1 1 1 1  1 1 1 0 0  1 0 0 0 0  0 0 0 0 1  124.54  93.46  173.51    
1 1 1 0 0  1 0 0 0 0  0 0 0 0 1  0 1 1 1 1  93.46  131.78  59.83    
1 0 0 0 0  0 0 0 0 1  0 1 1 1 1  0 1 1 0 1  131.78  140.37  177.49    
0 0 0 0 1  0 1 1 1 1  0 1 1 0 1  1 1 0 0 0  140.37  124.21  126.98    
0 1 1 1 1  0 1 1 0 1  1 1 0 0 0  0 1 1 0 1  124.21  91.3  103.32    
0 1 1 0 1  1 1 0 0 0  0 1 1 0 1  0 0 1 0 0  91.3  130.06  115.73    
1 1 0 0 0  0 1 1 0 1  0 0 1 0 0  1 1 0 0 0  130.06  125.84  125.81    
0 1 1 0 1  0 0 1 0 0  1 1 0 0 0  0 1 1 1 0  125.84  119.73  123.81    
0 0 1 0 0  1 1 0 0 0  0 1 1 1 0  0 0 1 0 0  119.73  115.86  170.76    
1 1 0 0 0  0 1 1 1 0  0 0 1 0 0  0 1 1 1 0  115.86  119.34  172.68    
0 1 1 1 0  0 0 1 0 0  0 1 1 1 0  1 1 0 0 1  119.34  110.2  160.57    
0 0 1 0 0  0 1 1 1 0  1 1 0 0 1  1 1 0 0 1  110.2  115.58  157.44    
0 1 1 1 0  1 1 0 0 1  1 1 0 0 1  1 1 0 0 1  115.58  69.11  10.83    
1 1 0 0 1  1 1 0 0 1  1 1 0 0 1  1 0 1 0 0  69.11  136.34  24.59    
1 1 0 0 1  1 1 0 0 1  1 0 1 0 0  0 0 0 1 0  136.34  116.57  66.79    
1 1 0 0 1  1 0 1 0 0  0 0 0 1 0  0 1 1 0 0  116.57  90.89  128.95    
1 0 1 0 0  0 0 0 1 0  0 1 1 0 0  0 1 1 0 1  90.89  92.42  51.09    
0 0 0 1 0  0 1 1 0 0  0 1 1 0 1  1 0 0 0 1  92.42  91.71  116.94    
0 1 1 0 0  0 1 1 0 1  1 0 0 0 1  1 0 0 0 1  91.71  113.64  150.88    
0 1 1 0 1  1 0 0 0 1  1 0 0 0 1  0 1 0 0 0  113.64  110.12  150.3    
1 0 0 0 1  1 0 0 0 1  0 1 0 0 0  0 0 1 0 0  110.12  115.82  135.98    
1 0 0 0 1  0 1 0 0 0  0 0 1 0 0  1 1 1 1 1  115.82  109.15  138.93    
0 1 0 0 0  0 0 1 0 0  1 1 1 1 1  0 0 0 0 1  109.15  121.78  116.83    
0 0 1 0 0  1 1 1 1 1  0 0 0 0 1  1 1 0 0 1  121.78  117.02  94.42    
1 1 1 1 1  0 0 0 0 1  1 1 0 0 1  1 1 1 0 0  117.02  94.36  10.19    
0 0 0 0 1  1 1 0 0 1  1 1 1 0 0  1 1 1 0 0  94.36  114.03  121.61    
1 1 0 0 1  1 1 1 0 0  1 1 1 0 0  0 0 1 0 0  114.03  140.11  165.25    
1 1 1 0 0  1 1 1 0 0  0 0 1 0 0  1 0 0 0 1  140.11  136.86  138.75    
1 1 1 0 0  0 0 1 0 0  1 0 0 0 1  0 0 0 1 0  136.86  109.12  112.07    
0 0 1 0 0  1 0 0 0 1  0 0 0 1 0  1 1 0 0 1  109.12  86.17  40.98    
1 0 0 0 1  0 0 0 1 0  1 1 0 0 1  1 1 0 1 0  86.17  119.63  111.19    
0 0 0 1 0  1 1 0 0 1  1 1 0 1 0  1 0 0 0 0  119.63  87.07  111.43    
1 1 0 0 1  1 1 0 1 0  1 0 0 0 0  1 0 0 0 0  87.07  91.58  54.27    
1 1 0 1 0  1 0 0 0 0  1 0 0 0 0  0 1 0 0 0  91.58  90.65  46.16    
1 0 0 0 0  1 0 0 0 0  0 1 0 0 0  0 1 1 0 0  90.65  89.11  53.32    
1 0 0 0 0  0 1 0 0 0  0 1 1 0 0  1 1 1 1 1  89.11  85.67  62.21    
0 1 0 0 0  0 1 1 0 0  1 1 1 1 1  1 1 0 0 1  85.67  94.15  44.2    
0 1 1 0 0  1 1 1 1 1  1 1 0 0 1  0 1 1 1 0  94.15  104.8  74.3    
1 1 1 1 1  1 1 0 0 1  0 1 1 1 0  0 0 0 0 1  104.8  108.46  127.82    
1 1 0 0 1  0 1 1 1 0  0 0 0 0 1  1 0 0 0 0  108.46  133.21  144.99    
0 1 1 1 0  0 0 0 0 1  1 0 0 0 0  1 1 1 1 0  133.21  90.08  82.87    
0 0 0 0 1  1 0 0 0 0  1 1 1 1 0  0 1 1 0 1  90.08  91.54  52.28    
1 0 0 0 0  1 1 1 1 0  0 1 1 0 1  1 0 0 0 0  91.54  92.94  107.27    
1 1 1 1 0  0 1 1 0 1  1 0 0 0 0  0 0 1 1 0  92.94  132.46  128.72    
0 1 1 0 1  1 0 0 0 0  0 0 1 1 0  1 0 0 0 1  132.46  108.65  148.14    
1 0 0 0 0  0 0 1 1 0  1 0 0 0 1  0 1 1 1 0  108.65  123.95  169.61    
0 0 1 1 0  1 0 0 0 1  0 1 1 1 0  1 1 1 1 0  123.95  136.46  176.34    
1 0 0 0 1  0 1 1 1 0  1 1 1 1 0  0 1 1 0 1  136.46  103.13  131.61    
0 1 1 1 0  1 1 1 1 0  0 1 1 0 1  1 0 0 1 0  103.13  119.74  10.58    
1 1 1 1 0  0 1 1 0 1  1 0 0 1 0  0 0 1 0 0  119.74  130.77  158.96    
0 1 1 0 1  1 0 0 1 0  0 0 1 0 0  1 0 0 0 1  130.77  127.13  171.48    
1 0 0 1 0  0 0 1 0 0  1 0 0 0 1  0 1 1 0 1  127.13  111.49  172.77    
0 0 1 0 0  1 0 0 0 1  0 1 1 0 1  1 1 1 1 1  111.49  142.61  170.43    
1 0 0 0 1  0 1 1 0 1  1 1 1 1 1  1 0 0 0 0  142.61  120.68  151.13    
0 1 1 0 1  1 1 1 1 1  1 0 0 0 0  0 1 1 0 1  120.68  111.03  119.02    
1 1 1 1 1  1 0 0 0 0  0 1 1 0 1  1 0 0 1 0  111.03  94.38  14.7    
1 0 0 0 0  0 1 1 0 1  1 0 0 1 0  0 1 1 0 1  94.38  113.29  53.95    
0 1 1 0 1  1 0 0 1 0  0 1 1 0 1  1 1 0 0 1  113.29  146.59  94.31    
1 0 0 1 0  0 1 1 0 1  1 1 0 0 1  1 0 0 0 1  146.59  143.4  109.08    
0 1 1 0 1  1 1 0 0 1  1 0 0 0 1  1 1 1 0 0  143.4  124.38  138.14    
1 1 0 0 1  1 0 0 0 1  1 1 1 0 0  1 0 0 1 0  124.38  122.02  158.83    
1 0 0 0 1  1 1 1 0 0  1 0 0 1 0  1 0 0 0 0  122.02  114.02  167.33    
1 1 1 0 0  1 0 0 1 0  1 0 0 0 0  0 1 1 0 1  114.02  120.35  149.46    
1 0 0 1 0  1 0 0 0 0  0 1 1 0 1  1 0 0 0 1  120.35  135.49  24.49    
1 0 0 0 0  0 1 1 0 1  1 0 0 0 1  0 1 1 1 0  135.49  113.02  19.79    
0 1 1 0 1  1 0 0 0 1  0 1 1 1 0  1 1 1 1 0  113.02  126.39  177.63    
1 0 0 0 1  0 1 1 1 0  1 1 1 1 0  0 1 0 0 0  126.39  106.18  143.02    
0 1 1 1 0  1 1 1 1 0  0 1 0 0 0  0 0 1 0 0  106.18  99.4  174.36    
1 1 1 1 0  0 1 0 0 0  0 0 1 0 0  1 1 1 1 0  99.4  112.79  129.76    
0 1 0 0 0  0 0 1 0 0  1 1 1 1 0  0 1 0 0 0  112.79  90.51  4.46    
0 0 1 0 0  1 1 1 1 0  0 1 0 0 0  0 0 0 0 1  90.51  109.6  164.42    
1 1 1 1 0  0 1 0 0 0  0 0 0 0 1  0 1 0 0 0  109.6  94.85  146.68    
0 1 0 0 0  0 0 0 0 1  0 1 0 0 0  0 0 0 0 1  94.85  92.63  164.68    
0 0 0 0 1  0 1 0 0 0  0 0 0 0 1  1 1 0 0 1  92.63  88.91  63.99    
0 1 0 0 0  0 0 0 0 1  1 1 0 0 1  1 0 0 0 1  88.91  99.59  34.23    
0 0 0 0 1  1 1 0 0 1  1 0 0 0 1  0 1 1 1 0  99.59  104.86  43.55    
1 1 0 0 1  1 0 0 0 1  0 1 1 1 0  1 0 1 0 0  104.86  128.63  56.02    
1 0 0 0 1  0 1 1 1 0  1 0 1 0 0  1 0 0 0 1  128.63  118.73  170.9    
0 1 1 1 0  1 0 1 0 0  1 0 0 0 1  1 1 1 1 1  118.73  108.37  168.93    
1 0 1 0 0  1 0 0 0 1  1 1 1 1 1  1 1 1 1 1  108.37  138.14  160.99    
1 0 0 0 1  1 1 1 1 1  1 1 1 1 1  1 1 1 0 1  138.14  108.1  60.35    
1 1 1 1 1  1 1 1 1 1  1 1 1 0 1  1 0 0 0 0  108.1  92.35  15.81    
1 1 1 1 1  1 1 1 0 1  1 0 0 0 0  0 1 1 1 0  92.35  141.7  71.23    
1 1 1 0 1  1 0 0 0 0  0 1 1 1 0  1 0 0 0 1  141.7  124.56  162.36    
1 0 0 0 0  0 1 1 1 0  1 0 0 0 1  0 1 1 1 0  124.56  117.31  160.0    
0 1 1 1 0  1 0 0 0 1  0 1 1 1 0  1 1 1 0 0  117.31  106.75  177.86    
1 0 0 0 1  0 1 1 1 0  1 1 1 0 0  0 1 1 1 0  106.75  109.56  6.46    
0 1 1 1 0  1 1 1 0 0  0 1 1 1 0  0 0 0 0 1  109.56  92.7  140.48    
1 1 1 0 0  0 1 1 1 0  0 0 0 0 1  0 0 0 0 1  92.7  135.41  24.48    
0 1 1 1 0  0 0 0 0 1  0 0 0 0 1  1 1 0 0 0  135.41  95.07  128.32    
0 0 0 0 1  0 0 0 0 1  1 1 0 0 0  1 1 1 1 0  95.07  90.91  70.93    
0 0 0 0 1  1 1 0 0 0  1 1 1 1 0  1 1 1 0 1  90.91  96.51  37.0    
1 1 0 0 0  1 1 1 1 0  1 1 1 0 1  0 0 0 1 0  96.51  105.31  112.12    
1 1 1 1 0  1 1 1 0 1  0 0 0 1 0  0 0 0 1 0  105.31  125.76  136.21    
1 1 1 0 1  0 0 0 1 0  0 0 0 1 0  0 1 0 0 0  125.76  119.5  67.84    
0 0 0 1 0  0 0 0 1 0  0 1 0 0 0  0 1 1 0 1  119.5  110.96  74.83    
0 0 0 1 0  0 1 0 0 0  0 1 1 0 1  1 0 0 0 0  110.96  96.03  22.4    
0 1 0 0 0  0 1 1 0 1  1 0 0 0 0  0 1 1 0 1  96.03  125.06  104.24    
0 1 1 0 1  1 0 0 0 0  0 1 1 0 1  0 1 0 0 0  125.06  109.97  16.36    
1 0 0 0 0  0 1 1 0 1  0 1 0 0 0  1 1 1 1 0  109.97  95.13  33.83    
0 1 1 0 1  0 1 0 0 0  1 1 1 1 0  1 1 1 1 1  95.13  91.32  110.93    
0 1 0 0 0  1 1 1 1 0  1 1 1 1 1  0 0 0 1 0  91.32  142.42  88.9    
1 1 1 1 0  1 1 1 1 1  0 0 0 1 0  0 1 1 0 0  142.42  114.63  45.27    
1 1 1 1 1  0 0 0 1 0  0 1 1 0 0  1 1 0 0 0  114.63  144.65  162.89    
0 0 0 1 0  0 1 1 0 0  1 1 0 0 0  0 1 1 1 0  144.65  113.43  128.72    
0 1 1 0 0  1 1 0 0 0  0 1 1 1 0  0 0 1 0 0  113.43  121.22  155.74    
1 1 0 0 0  0 1 1 1 0  0 0 1 0 0  0 1 0 0 0  121.22  117.75  171.16    
0 1 1 1 0  0 0 1 0 0  0 1 0 0 0  0 0 0 0 1  117.75  113.83  171.01    
0 0 1 0 0  0 1 0 0 0  0 0 0 0 1  1 0 0 0 0  113.83  132.55  157.28    
0 1 0 0 0  0 0 0 0 1  1 0 0 0 0  0 1 1 1 0  132.55  90.75  28.52    
0 0 0 0 1  1 0 0 0 0  0 1 1 1 0  0 1 1 1 1  90.75  106.72  154.3    
1 0 0 0 0  0 1 1 1 0  0 1 1 1 1  0 0 0 1 0  106.72  133.74  149.52    
0 1 1 1 0  0 1 1 1 1  0 0 0 1 0  1 0 0 0 1  133.74  125.87  110.85    
0 1 1 1 1  0 0 0 1 0  1 0 0 0 1  0 0 0 0 1  125.87  120.26  108.89    
0 0 0 1 0  1 0 0 0 1  0 0 0 0 1  1 1 1 0 1  120.26  104.51  125.0    
1 0 0 0 1  0 0 0 0 1  1 1 1 0 1  0 0 1 0 0  104.51  90.32  147.02    
0 0 0 0 1  1 1 1 0 1  0 0 1 0 0  1 1 0 0 1  90.32  100.15  61.82    
1 1 1 0 1  0 0 1 0 0  1 1 0 0 1  1 1 1 1 1  100.15  99.62  3.99    
0 0 1 0 0  1 1 0 0 1  1 1 1 1 1  1 1 0 0 1  99.62  84.78  116.9    
1 1 0 0 1  1 1 1 1 1  1 1 0 0 1  1 1 0 1 0  84.78  126.27  142.08    
1 1 1 1 1  1 1 0 0 1  1 1 0 1 0  1 0 0 0 1  126.27  119.67  97.2    
1 1 0 0 1  1 1 0 1 0  1 0 0 0 1  0 0 1 0 0  119.67  110.45  137.07    
1 1 0 1 0  1 0 0 0 1  0 0 1 0 0  1 1 0 0 1  110.45  101.64  155.08    
1 0 0 0 1  0 0 1 0 0  1 1 0 0 1  0 0 0 1 0  101.64  108.58  114.91    
0 0 1 0 0  1 1 0 0 1  0 0 0 1 0  1 0 0 0 0  108.58  89.08  147.81    
1 1 0 0 1  0 0 0 1 0  1 0 0 0 0  1 1 1 1 1  89.08  91.73  54.9    
0 0 0 1 0  1 0 0 0 0  1 1 1 1 1  0 1 0 0 0  91.73  92.0  42.85    
1 0 0 0 0  1 1 1 1 1  0 1 0 0 0  1 1 0 0 1  92.0  87.82  54.96    
1 1 1 1 1  0 1 0 0 0  1 1 0 0 1  1 0 0 0 0  87.82  94.56  47.3    
0 1 0 0 0  1 1 0 0 1  1 0 0 0 0  1 1 0 1 0  94.56  89.72  56.51    
1 1 0 0 1  1 0 0 0 0  1 1 0 1 0  1 1 1 1 0  89.72  95.06  38.73    
1 0 0 0 0  1 1 0 1 0  1 1 1 1 0  1 1 1 0 0  95.06  91.59  129.92    
1 1 0 1 0  1 1 1 1 0  1 1 1 0 0  1 1 1 0 1  91.59  88.95  166.7    
1 1 1 1 0  1 1 1 0 0  1 1 1 0 1  1 1 0 0 1  88.95  88.96  66.38    
1 1 1 0 0  1 1 1 0 1  1 1 0 0 1  1 1 1 0 1  88.96  90.64  53.74    
1 1 1 0 1  1 1 0 0 1  1 1 1 0 1  0 1 0 0 0  90.64  89.02  57.3    
1 1 0 0 1  1 1 1 0 1  0 1 0 0 0  1 0 0 0 0  89.02  90.96  42.37    
1 1 1 0 1  0 1 0 0 0  1 0 0 0 0  1 1 1 1 0  90.96  90.19  52.32    
0 1 0 0 0  1 0 0 0 0  1 1 1 1 0  0 1 1 0 0  90.19  89.26  48.23    
1 0 0 0 0  1 1 1 1 0  0 1 1 0 0  1 1 0 0 1  89.26  92.13  51.38    
1 1 1 1 0  0 1 1 0 0  1 1 0 0 1  1 1 1 1 1  92.13  92.09  50.09    
0 1 1 0 0  1 1 0 0 1  1 1 1 1 1  1 1 1 0 1  92.09  92.03  49.79    
1 1 0 0 1  1 1 1 1 1  1 1 1 0 1  1 1 0 0 0  92.03  90.0  50.56    
1 1 1 1 1  1 1 1 0 1  1 1 0 0 0  0 1 1 0 1  90.0  91.88  52.34    
1 1 1 0 1  1 1 0 0 0  0 1 1 0 1  0 1 1 0 0  91.88  92.22  110.93    
1 1 0 0 0  0 1 1 0 1  0 1 1 0 0  1 1 0 0 0  92.22  128.43  126.64    
0 1 1 0 1  0 1 1 0 0  1 1 0 0 0  1 0 0 1 0  128.43  112.01  115.28    
0 1 1 0 0  1 1 0 0 0  1 0 0 1 0  0 1 1 1 0  112.01  111.32  132.06    
1 1 0 0 0  1 0 0 1 0  0 1 1 1 0  0 0 0 0 1  111.32  108.7  168.37    
1 0 0 1 0  0 1 1 1 0  0 0 0 0 1  1 1 1 0 0  108.7  151.47  24.63    
0 1 1 1 0  0 0 0 0 1  1 1 1 0 0  1 1 1 1 1  151.47  111.97  150.5    
0 0 0 0 1  1 1 1 0 0  1 1 1 1 1  0 0 0 1 0  111.97  105.59  166.66    
1 1 1 0 0  1 1 1 1 1  0 0 0 1 0  1 0 0 0 0  105.59  96.56  165.66    
1 1 1 1 1  0 0 0 1 0  1 0 0 0 0  1 1 0 0 1  96.56  90.76  67.68    
0 0 0 1 0  1 0 0 0 0  1 1 0 0 1  0 1 1 0 1  90.76  98.36  17.82    
1 0 0 0 0  1 1 0 0 1  0 1 1 0 1  1 1 0 0 1  98.36  89.36  117.45    
1 1 0 0 1  0 1 1 0 1  1 1 0 0 1  0 1 1 1 1  89.36  117.09  170.64    
0 1 1 0 1  1 1 0 0 1  0 1 1 1 1  0 1 1 1 0  117.09  108.89  167.86    
1 1 0 0 1  0 1 1 1 1  0 1 1 1 0  1 0 0 1 0  108.89  124.5  170.38    
0 1 1 1 1  0 1 1 1 0  1 0 0 1 0  1 1 1 0 1  124.5  139.3  155.07    
0 1 1 1 0  1 0 0 1 0  1 1 1 0 1  0 1 1 1 0  139.3  130.25  129.9    
1 0 0 1 0  1 1 1 0 1  0 1 1 1 0  1 1 1 1 0  130.25  131.99  171.73    
1 1 1 0 1  0 1 1 1 0  1 1 1 1 0  1 0 1 0 0  131.99  93.13  140.86    
0 1 1 1 0  1 1 1 1 0  1 0 1 0 0  1 0 0 1 0  93.13  139.78  24.28    
  
1 1 1 1 1  0 0 1 0 0  1 1 0 0 1  0 1 0 0 0  96.33  140.81  14.72    
0 0 1 0 0  1 1 0 0 1  0 1 0 0 0  0 0 0 1 0  140.81  131.32  66.76    
1 1 0 0 1  0 1 0 0 0  0 0 0 1 0  1 1 0 0 1  131.32  91.23  132.81    
0 1 0 0 0  0 0 0 1 0  1 1 0 0 1  0 0 0 1 0  91.23  137.9  40.63    
0 0 0 1 0  1 1 0 0 1  0 0 0 1 0  1 1 0 1 0  137.9  133.69  136.84    
1 1 0 0 1  0 0 0 1 0  1 1 0 1 0  1 1 0 0 1  133.69  170.12  126.18    
0 0 0 1 0  1 1 0 1 0  1 1 0 0 1  1 0 0 0 1  170.12  116.89  149.17    
1 1 0 1 0  1 1 0 0 1  1 0 0 0 1  0 1 0 0 0  116.89  94.38  112.71    
1 1 0 0 1  1 0 0 0 1  0 1 0 0 0  1 1 1 1 1  94.38  89.33  45.93    
1 0 0 0 1  0 1 0 0 0  1 1 1 1 1  1 1 1 0 1  89.33  88.65  48.25    
0 1 0 0 0  1 1 1 1 1  1 1 1 0 1  0 0 1 1 0  88.65  86.75  51.06    
1 1 1 1 1  1 1 1 0 1  0 0 1 1 0  1 0 0 0 1  86.75  93.9  55.13    
1 1 1 0 1  0 0 1 1 0  1 0 0 0 1  0 1 1 0 1  93.9  85.5  57.93    
0 0 1 1 0  1 0 0 0 1  0 1 1 0 1  1 1 0 1 0  85.5  92.79  48.16    
1 0 0 0 1  0 1 1 0 1  1 1 0 1 0  1 0 0 0 0  92.79  89.86  53.11    
0 1 1 0 1  1 1 0 1 0  1 0 0 0 0  0 1 0 0 0  89.86  95.3  43.69    
1 1 0 1 0  1 0 0 0 0  0 1 0 0 0  1 1 0 0 1  95.3  90.64  51.87    
1 0 0 0 0  0 1 0 0 0  1 1 0 0 1  1 1 1 0 1  90.64  93.18  48.08    
0 1 0 0 0  1 1 0 0 1  1 1 1 0 1  1 0 0 0 1  93.18  102.44  97.69    
1 1 0 0 1  1 1 1 0 1  1 0 0 0 1  0 0 1 0 0  102.44  128.25  132.2    
1 1 1 0 1  1 0 0 0 1  0 0 1 0 0  1 1 0 1 0  128.25  140.85  147.97    
1 0 0 0 1  0 0 1 0 0  1 1 0 1 0  0 0 0 1 0  140.85  136.93  137.38    
0 0 1 0 0  1 1 0 1 0  0 0 0 1 0  0 1 1 1 0  136.93  123.0  138.58    
1 1 0 1 0  0 0 0 1 0  0 1 1 1 0  1 0 0 0 1  123.0  109.58  138.64    
0 0 0 1 0  0 1 1 1 0  1 0 0 0 1  1 0 0 1 0  109.58  103.43  76.77    
0 1 1 1 0  1 0 0 0 1  1 0 0 1 0  1 1 1 1 0  103.43  83.38  49.38    
1 0 0 0 1  1 0 0 1 0  1 1 1 1 0  1 0 0 0 0  83.38  120.31  94.13    
1 0 0 1 0  1 1 1 1 0  1 0 0 0 0  0 0 0 1 0  120.31  125.53  147.65    
1 1 1 1 0  1 0 0 0 0  0 0 0 1 0  0 1 0 0 0  125.53  93.31  96.14    
1 0 0 0 0  0 0 0 1 0  0 1 0 0 0  1 1 0 0 1  93.31  135.8  87.45    
0 0 0 1 0  0 1 0 0 0  1 1 0 0 1  1 0 0 1 0  135.8  119.73  124.49    
0 1 0 0 0  1 1 0 0 1  1 0 0 1 0  0 1 0 0 0  119.73  85.62  116.05    
1 1 0 0 1  1 0 0 1 0  0 1 0 0 0  1 1 0 0 0  85.62  86.39  59.98    
1 0 0 1 0  0 1 0 0 0  1 1 0 0 0  1 1 1 1 1  86.39  93.93  44.54    
0 1 0 0 0  1 1 0 0 0  1 1 1 1 1  0 1 0 0 0  93.93  89.2  54.63    
1 1 0 0 0  1 1 1 1 1  0 1 0 0 0  0 0 1 0 0  89.2  90.49  46.88    
1 1 1 1 1  0 1 0 0 0  0 0 1 0 0  1 0 0 0 0  90.49  86.79  72.28    
0 1 0 0 0  0 0 1 0 0  1 0 0 0 0  1 1 1 0 0  86.79  88.35  81.24    
0 0 1 0 0  1 0 0 0 0  1 1 1 0 0  1 1 0 1 0  88.35  86.17  83.08    
1 0 0 0 0  1 1 1 0 0  1 1 0 1 0  1 0 0 0 0  86.17  92.87  55.54    
1 1 1 0 0  1 1 0 1 0  1 0 0 0 0  1 0 1 0 0  92.87  89.41  101.19    
1 1 0 1 0  1 0 0 0 0  1 0 1 0 0  0 0 1 0 0  89.41  98.84  35.3    
1 0 0 0 0  1 0 1 0 0  0 0 1 0 0  1 1 1 0 0  98.84  88.85  141.11    
1 0 1 0 0  0 0 1 0 0  1 1 1 0 0  0 1 0 0 0  88.85  87.31  79.99    
0 0 1 0 0  1 1 1 0 0  0 1 0 0 0  1 0 0 0 1  87.31  87.83  62.3    
1 1 1 0 0  0 1 0 0 0  1 0 0 0 1  1 0 1 0 0  87.83  93.51  49.5    
0 1 0 0 0  1 0 0 0 1  1 0 1 0 0  1 1 1 0 1  93.51  86.42  47.15    
1 0 0 0 1  1 0 1 0 0  1 1 1 0 1  0 1 1 0 0  86.42  90.1  50.04    
1 0 1 0 0  1 1 1 0 1  0 1 1 0 0  1 1 0 0 1  90.1  96.26  51.01    
1 1 1 0 1  0 1 1 0 0  1 1 0 0 1  1 1 0 0 1  96.26  91.53  54.14    
0 1 1 0 0  1 1 0 0 1  1 1 0 0 1  0 1 0 0 0  91.53  99.52  51.48    
1 1 0 0 1  1 1 0 0 1  0 1 0 0 0  1 1 0 0 1  99.52  117.59  95.25    
1 1 0 0 1  0 1 0 0 0  1 1 0 0 1  0 0 0 0 1  117.59  94.38  153.83    
0 1 0 0 0  1 1 0 0 1  0 0 0 0 1  0 0 0 1 0  94.38  115.66  83.66    
1 1 0 0 1  0 0 0 0 1  0 0 0 1 0  0 1 1 1 0  115.66  93.93  152.06    
0 0 0 0 1  0 0 0 1 0  0 1 1 1 0  1 0 0 0 0  93.93  89.16  52.11    
0 0 0 1 0  0 1 1 1 0  1 0 0 0 0  1 1 1 1 1  89.16  87.35  49.53    
0 1 1 1 0  1 0 0 0 0  1 1 1 1 1  1 1 0 1 0  87.35  86.51  48.85    
1 0 0 0 0  1 1 1 1 1  1 1 0 1 0  1 1 0 0 0  86.51  91.67  53.44    
1 1 1 1 1  1 1 0 1 0  1 1 0 0 0  0 0 1 1 0  91.67  90.75  53.31    
1 1 0 1 0  1 1 0 0 0  0 0 1 1 0  0 1 1 1 0  90.75  93.39  48.03    
1 1 0 0 0  0 0 1 1 0  0 1 1 1 0  0 1 1 0 0  93.39  87.61  45.9    
0 0 1 1 0  0 1 1 1 0  0 1 1 0 0  0 1 1 0 0  87.61  89.15  50.61    
0 1 1 1 0  0 1 1 0 0  0 1 1 0 0  1 0 0 1 0  89.15  91.36  44.89    
0 1 1 0 0  0 1 1 0 0  1 0 0 1 0  0 1 1 0 0  91.36  92.31  52.94    
0 1 1 0 0  1 0 0 1 0  0 1 1 0 0  0 1 1 1 0  92.31  89.5  52.54    
1 0 0 1 0  0 1 1 0 0  0 1 1 1 0  1 1 0 0 1  89.5  93.22  45.06    
0 1 1 0 0  0 1 1 1 0  1 1 0 0 1  0 1 1 0 0  93.22  90.17  51.27    
0 1 1 1 0  1 1 0 0 1  0 1 1 0 0  0 1 1 1 0  90.17  95.11  62.81    
1 1 0 0 1  0 1 1 0 0  0 1 1 1 0  0 1 1 0 0  95.11  91.67  34.67    
0 1 1 0 0  0 1 1 1 0  0 1 1 0 0  1 1 0 0 1  91.67  99.88  90.29    
0 1 1 1 0  0 1 1 0 0  1 1 0 0 1  1 1 0 0 0  99.88  91.17  64.14    
0 1 1 0 0  1 1 0 0 1  1 1 0 0 0  0 1 1 1 1  91.17  92.46  92.72    
1 1 0 0 1  1 1 0 0 0  0 1 1 1 1  1 0 0 0 0  92.46  121.23  117.05    
1 1 0 0 0  0 1 1 1 1  1 0 0 0 0  1 1 1 1 1  121.23  87.19  4.55    
0 1 1 1 1  1 0 0 0 0  1 1 1 1 1  0 0 1 0 0  87.19  98.07  118.42    
1 0 0 0 0  1 1 1 1 1  0 0 1 0 0  0 1 1 0 1  98.07  90.0  155.88    
1 1 1 1 1  0 0 1 0 0  0 1 1 0 1  1 1 1 0 1  90.0  118.0  111.62    
0 0 1 0 0  0 1 1 0 1  1 1 1 0 1  0 0 0 1 0  118.0  116.69  130.35    
0 1 1 0 1  1 1 1 0 1  0 0 0 1 0  1 0 0 1 0  116.69  119.51  125.9    
1 1 1 0 1  0 0 0 1 0  1 0 0 1 0  1 1 1 1 0  119.51  109.31  85.12    
0 0 0 1 0  1 0 0 1 0  1 1 1 1 0  0 0 0 1 0  109.31  101.56  115.94    
1 0 0 1 0  1 1 1 1 0  0 0 0 1 0  0 1 0 0 0  101.56  114.95  114.74    
1 1 1 1 0  0 0 0 1 0  0 1 0 0 0  0 1 0 0 0  114.95  117.67  123.73    
0 0 0 1 0  0 1 0 0 0  0 1 0 0 0  0 1 1 0 1  117.67  107.67  77.35    
0 1 0 0 0  0 1 0 0 0  0 1 1 0 1  1 0 0 0 0  107.67  95.77  15.7    
0 1 0 0 0  0 1 1 0 1  1 0 0 0 0  0 0 1 0 0  95.77  114.8  146.98    
0 1 1 0 1  1 0 0 0 0  0 0 1 0 0  1 1 1 0 0  114.8  138.77  171.06    
1 0 0 0 0  0 0 1 0 0  1 1 1 0 0  1 0 0 0 0  138.77  135.76  170.36    
0 0 1 0 0  1 1 1 0 0  1 0 0 0 0  0 1 0 0 0  135.76  133.02  172.92    
1 1 1 0 0  1 0 0 0 0  0 1 0 0 0  0 1 1 1 0  133.02  125.92  173.25    
1 0 0 0 0  0 1 0 0 0  0 1 1 1 0  1 1 1 1 1  125.92  112.29  173.18    
0 1 0 0 0  0 1 1 1 0  1 1 1 1 1  0 0 0 0 1  112.29  105.89  170.25    
0 1 1 1 0  1 1 1 1 1  0 0 0 0 1  0 0 0 0 1  105.89  94.94  166.15    
1 1 1 1 1  0 0 0 0 1  0 0 0 0 1  0 1 0 0 0  94.94  97.67  43.31    
0 0 0 0 1  0 0 0 0 1  0 1 0 0 0  0 1 1 0 1  97.67  91.18  49.27    
0 0 0 0 1  0 1 0 0 0  0 1 1 0 1  1 0 0 1 0  91.18  107.0  127.57    
0 1 0 0 0  0 1 1 0 1  1 0 0 1 0  1 1 1 1 1  107.0  142.86  100.44    
0 1 1 0 1  1 0 0 1 0  1 1 1 1 1  0 1 0 0 0  142.86  122.34  154.22    
1 0 0 1 0  1 1 1 1 1  0 1 0 0 0  1 0 0 0 1  122.34  135.78  167.32    
1 1 1 1 1  0 1 0 0 0  1 0 0 0 1  1 1 0 0 1  135.78  124.62  165.99    
0 1 0 0 0  1 0 0 0 1  1 1 0 0 1  1 0 0 0 0  124.62  125.97  177.92    
1 0 0 0 1  1 1 0 0 1  1 0 0 0 0  1 1 0 0 0  125.97  123.62  175.43    
1 1 0 0 1  1 0 0 0 0  1 1 0 0 0  0 1 1 1 0  123.62  94.36  121.83    
1 0 0 0 0  1 1 0 0 0  0 1 1 1 0  1 1 0 0 1  94.36  99.43  179.87    
1 1 0 0 0  0 1 1 1 0  1 1 0 0 1  1 0 1 0 0  99.43  135.76  18.57    
0 1 1 1 0  1 1 0 0 1  1 0 1 0 0  1 0 1 0 0  135.76  94.71  173.1    
1 1 0 0 1  1 0 1 0 0  1 0 1 0 0  0 0 0 1 0  94.71  99.63  70.07    
1 0 1 0 0  1 0 1 0 0  0 0 0 1 0  0 0 0 1 0  99.63  97.05  15.56    
1 0 1 0 0  0 0 0 1 0  0 0 0 1 0  1 0 0 0 1  97.05  96.28  119.31    
0 0 0 1 0  0 0 0 1 0  1 0 0 0 1  1 1 0 0 1  96.28  119.66  169.12    
0 0 0 1 0  1 0 0 0 1  1 1 0 0 1  0 1 1 0 0  119.66  122.06  163.83    
1 0 0 0 1  1 1 0 0 1  0 1 1 0 0  1 0 0 1 0  122.06  126.23  166.46    
1 1 0 0 1  0 1 1 0 0  1 0 0 1 0  1 0 1 0 0  126.23  141.07  177.04    
0 1 1 0 0  1 0 0 1 0  1 0 1 0 0  0 1 1 0 0  141.07  130.04  163.52    
1 0 0 1 0  1 0 1 0 0  0 1 1 0 0  1 0 0 0 0  130.04  132.14  179.02    
1 0 1 0 0  0 1 1 0 0  1 0 0 0 0  0 1 1 0 1  132.14  134.18  172.99    
0 1 1 0 0  1 0 0 0 0  0 1 1 0 1  0 1 0 0 0  134.18  119.03  99.74    
1 0 0 0 0  0 1 1 0 1  0 1 0 0 0  1 1 1 1 0  119.03  89.86  134.51    
0 1 1 0 1  0 1 0 0 0  1 1 1 1 0  1 1 1 1 0  89.86  94.9  40.63    
0 1 0 0 0  1 1 1 1 0  1 1 1 1 0  0 0 0 0 1  94.9  94.79  103.86    
1 1 1 1 0  1 1 1 1 0  0 0 0 0 1  1 0 0 1 0  94.79  102.71  126.14    
1 1 1 1 0  0 0 0 0 1  1 0 0 1 0  1 0 0 0 1  102.71  145.13  4.64    
0 0 0 0 1  1 0 0 1 0  1 0 0 0 1  1 0 0 1 0  145.13  119.12  142.93    
1 0 0 1 0  1 0 0 0 1  1 0 0 1 0  1 0 1 0 0  119.12  123.12  172.39    
1 0 0 0 1  1 0 0 1 0  1 0 1 0 0  0 1 1 0 1  123.12  142.7  141.45    
1 0 0 1 0  1 0 1 0 0  0 1 1 0 1  1 1 0 0 1  142.7  147.25  134.67    
1 0 1 0 0  0 1 1 0 1  1 1 0 0 1  1 0 0 0 1  147.25  131.34  109.09    
0 1 1 0 1  1 1 0 0 1  1 0 0 0 1  1 1 1 0 0  131.34  130.82  164.99    
1 1 0 0 1  1 0 0 0 1  1 1 1 0 0  0 0 0 1 0  130.82  113.94  176.7    
1 0 0 0 1  1 1 1 0 0  0 0 0 1 0  1 1 1 0 1  113.94  110.19  142.75    
1 1 1 0 0  0 0 0 1 0  1 1 1 0 1  0 1 0 0 0  110.19  105.53  159.95    
0 0 0 1 0  1 1 1 0 1  0 1 0 0 0  1 1 1 0 1  105.53  116.1  150.03    
1 1 1 0 1  0 1 0 0 0  1 1 1 0 1  1 0 0 1 0  116.1  122.92  173.34    
0 1 0 0 0  1 1 1 0 1  1 0 0 1 0  0 1 1 1 1  122.92  114.35  152.4    
1 1 1 0 1  1 0 0 1 0  0 1 1 1 1  0 1 1 0 1  114.35  132.63  158.73    
1 0 0 1 0  0 1 1 1 1  0 1 1 0 1  1 1 1 0 1  132.63  111.56  39.52    
0 1 1 1 1  0 1 1 0 1  1 1 1 0 1  1 1 0 0 1  111.56  94.74  26.89    
0 1 1 0 1  1 1 1 0 1  1 1 0 0 1  0 1 1 1 0  94.74  140.42  66.01    
1 1 1 0 1  1 1 0 0 1  0 1 1 1 0  1 0 0 0 0  140.42  126.31  136.25    
1 1 0 0 1  0 1 1 1 0  1 0 0 0 0  0 1 1 0 0  126.31  129.21  156.37    
0 1 1 1 0  1 0 0 0 0  0 1 1 0 0  1 0 0 0 0  129.21  117.58  163.43    
1 0 0 0 0  0 1 1 0 0  1 0 0 0 0  0 0 0 1 0  117.58  112.24  161.41    
0 1 1 0 0  1 0 0 0 0  0 0 0 1 0  1 1 1 0 1  112.24  100.16  140.12    
1 0 0 0 0  0 0 0 1 0  1 1 1 0 1  0 1 1 0 1  100.16  112.38  160.83    
0 0 0 1 0  1 1 1 0 1  0 1 1 0 1  0 0 1 0 0  112.38  143.47  70.64    
1 1 1 0 1  0 1 1 0 1  0 0 1 0 0  1 0 0 0 1  143.47  122.28  93.65    
0 1 1 0 1  0 0 1 0 0  1 0 0 0 1  0 0 1 0 0  122.28  116.37  143.8    
0 0 1 0 0  1 0 0 0 1  0 0 1 0 0  0 1 0 0 0  116.37  126.94  161.54    
1 0 0 0 1  0 0 1 0 0  0 1 0 0 0  1 0 0 0 0  126.94  114.98  178.77    
0 0 1 0 0  0 1 0 0 0  1 0 0 0 0  0 1 0 0 0  114.98  112.65  161.79    
0 1 0 0 0  1 0 0 0 0  0 1 0 0 0  0 1 0 0 0  112.65  99.15  151.97    
1 0 0 0 0  0 1 0 0 0  0 1 0 0 0  1 0 0 0 0  99.15  105.16  166.39    
0 1 0 0 0  0 1 0 0 0  1 0 0 0 0  1 0 1 0 0  105.16  92.22  45.05    
0 1 0 0 0  1 0 0 0 0  1 0 1 0 0  1 1 1 1 0  92.22  95.34  47.68    
1 0 0 0 0  1 0 1 0 0  1 1 1 1 0  1 0 0 0 0  95.34  91.11  128.55    
1 0 1 0 0  1 1 1 1 0  1 0 0 0 0  0 1 1 0 0  91.11  137.91  112.57    
1 1 1 1 0  1 0 0 0 0  0 1 1 0 0  1 1 1 0 0  137.91  136.15  156.35    
1 0 0 0 0  0 1 1 0 0  1 1 1 0 0  0 0 1 0 0  136.15  128.54  147.34    
0 1 1 0 0  1 1 1 0 0  0 0 1 0 0  0 1 1 1 1  128.54  131.68  172.69    
1 1 1 0 0  0 0 1 0 0  0 1 1 1 1  0 0 1 0 0  131.68  143.37  144.57    
0 0 1 0 0  0 1 1 1 1  0 0 1 0 0  1 1 1 1 0  143.37  125.65  113.98    
0 1 1 1 1  0 0 1 0 0  1 1 1 1 0  0 0 0 1 0  125.65  115.81  120.34    
0 0 1 0 0  1 1 1 1 0  0 0 0 1 0  0 0 1 0 0  115.81  125.76  108.28    
1 1 1 1 0  0 0 0 1 0  0 0 1 0 0  0 0 1 1 0  125.76  116.52  84.02    
0 0 0 1 0  0 0 1 0 0  0 0 1 1 0  0 0 1 1 0  116.52  118.52  145.11    
0 0 1 0 0  0 0 1 1 0  0 0 1 1 0  0 1 1 1 0  118.52  131.56  168.93    
0 0 1 1 0  0 0 1 1 0  0 1 1 1 0  1 0 1 0 0  131.56  109.6  151.0    
0 0 1 1 0  0 1 1 1 0  1 0 1 0 0  1 1 1 1 0  109.6  127.25  157.17    
0 1 1 1 0  1 0 1 0 0  1 1 1 1 0  1 0 0 0 1  127.25  100.14  15.81    
1 0 1 0 0  1 1 1 1 0  1 0 0 0 1  1 0 0 0 1  100.14  103.44  148.16    
1 1 1 1 0  1 0 0 0 1  1 0 0 0 1  0 1 1 1 0  103.44  100.07  65.38    
1 0 0 0 1  1 0 0 0 1  0 1 1 1 0  0 1 1 0 1  100.07  105.85  29.04    
1 0 0 0 1  0 1 1 1 0  0 1 1 0 1  1 1 1 0 1  105.85  147.09  79.15    
0 1 1 1 0  0 1 1 0 1  1 1 1 0 1  0 1 0 0 0  147.09  111.74  49.41    
0 1 1 0 1  1 1 1 0 1  0 1 0 0 0  0 1 1 1 1  111.74  111.15  138.92    
1 1 1 0 1  0 1 0 0 0  0 1 1 1 1  1 0 0 0 1  111.15  126.05  159.65    
0 1 0 0 0  0 1 1 1 1  1 0 0 0 1  1 0 0 0 0  126.05  122.05  130.29    
0 1 1 1 1  1 0 0 0 1  1 0 0 0 0  1 1 0 0 0  122.05  128.93  178.54    
1 0 0 0 1  1 0 0 0 0  1 1 0 0 0  1 1 1 0 0  128.93  122.16  156.64    
1 0 0 0 0  1 1 0 0 0  1 1 1 0 0  0 1 1 0 1  122.16  138.49  156.11    
1 1 0 0 0  1 1 1 0 0  0 1 1 0 1  1 1 1 1 0  138.49  139.92  92.16    
1 1 1 0 0  0 1 1 0 1  1 1 1 1 0  0 1 1 1 0  139.92  122.03  67.13    
0 1 1 0 1  1 1 1 1 0  0 1 1 1 0  1 0 0 0 0  122.03  121.81  169.26    
1 1 1 1 0  0 1 1 1 0  1 0 0 0 0  1 0 0 0 1  121.81  120.28  171.77    
0 1 1 1 0  1 0 0 0 0  1 0 0 0 1  1 0 0 0 1  120.28  117.23  161.81    
1 0 0 0 0  1 0 0 0 1  1 0 0 0 1  1 1 1 1 0  117.23  125.91  158.62    
1 0 0 0 1  1 0 0 0 1  1 1 1 1 0  1 0 1 0 0  125.91  99.48  152.38    
1 0 0 0 1  1 1 1 1 0  1 0 1 0 0  1 1 1 0 1  99.48  93.11  165.98    
1 1 1 1 0  1 0 1 0 0  1 1 1 0 1  0 0 1 0 0  93.11  103.02  45.99    
1 0 1 0 0  1 1 1 0 1  0 0 1 0 0  0 1 1 0 1  103.02  97.67  24.37    
1 1 1 0 1  0 0 1 0 0  0 1 1 0 1  0 0 0 0 1  97.67  92.7  123.82    
0 0 1 0 0  0 1 1 0 1  0 0 0 0 1  1 1 1 0 1  92.7  115.04  153.87    
0 1 1 0 1  0 0 0 0 1  1 1 1 0 1  0 0 1 1 0  115.04  124.67  161.95    
0 0 0 0 1  1 1 1 0 1  0 0 1 1 0  0 1 1 1 0  124.67  113.41  161.82    
1 1 1 0 1  0 0 1 1 0  0 1 1 1 0  0 1 0 0 0  113.41  115.85  161.95    
0 0 1 1 0  0 1 1 1 0  0 1 0 0 0  1 1 1 1 0  115.85  123.0  171.96    
0 1 1 1 0  0 1 0 0 0  1 1 1 1 0  1 0 0 1 0  123.0  112.87  161.24    
0 1 0 0 0  1 1 1 1 0  1 0 0 1 0  1 1 1 0 1  112.87  97.97  157.94    
1 1 1 1 0  1 0 0 1 0  1 1 1 0 1  0 0 0 1 0  97.97  118.15  144.75    
1 0 0 1 0  1 1 1 0 1  0 0 0 1 0  0 0 1 1 0  118.15  132.05  130.78    
1 1 1 0 1  0 0 0 1 0  0 0 1 1 0  0 1 1 0 1  132.05  87.19  99.11    
0 0 0 1 0  0 0 1 1 0  0 1 1 0 1  1 0 0 0 0  87.19  51.11  100.49    
0 0 1 1 0  0 1 1 0 1  1 0 0 0 0  0 1 0 0 0  51.11  73.95  5.95    
0 1 1 0 1  1 0 0 0 0  0 1 0 0 0  1 0 1 0 0  73.95  120.18  123.35    
1 0 0 0 0  0 1 0 0 0  1 0 1 0 0  1 1 1 0 1  120.18  99.35  16.91    
0 1 0 0 0  1 0 1 0 0  1 1 1 0 1  0 1 1 1 0  99.35  118.6  147.16    
1 0 1 0 0  1 1 1 0 1  0 1 1 1 0  1 0 0 0 0  118.6  118.56  164.05    
1 1 1 0 1  0 1 1 1 0  1 0 0 0 0  0 1 1 0 1  118.56  127.04  175.43    
0 1 1 1 0  1 0 0 0 0  0 1 1 0 1  1 1 1 0 0  127.04  148.17  127.96    
1 0 0 0 0  0 1 1 0 1  1 1 1 0 0  1 0 0 0 1  148.17  143.79  131.48    
0 1 1 0 1  1 1 1 0 0  1 0 0 0 1  1 1 0 0 0  143.79  121.38  126.73    
1 1 1 0 0  1 0 0 0 1  1 1 0 0 0  0 0 0 0 1  121.38  137.34  172.82    
1 0 0 0 1  1 1 0 0 0  0 0 0 0 1  1 1 1 0 1  137.34  132.73  129.26    
1 1 0 0 0  0 0 0 0 1  1 1 1 0 1  1 1 0 0 1  132.73  92.35  78.34    
0 0 0 0 1  1 1 1 0 1  1 1 0 0 1  1 1 1 0 1  92.35  86.89  57.29    
1 1 1 0 1  1 1 0 0 1  1 1 1 0 1  1 1 1 0 1  86.89  100.65  114.35    
1 1 0 0 1  1 1 1 0 1  1 1 1 0 1  1 1 1 0 1  100.65  122.76  146.26    
1 1 1 0 1  1 1 1 0 1  1 1 1 0 1  0 1 0 0 0  122.76  108.22  116.48    
1 1 1 0 1  1 1 1 0 1  0 1 0 0 0  0 0 1 1 0  108.22  100.48  168.79    
1 1 1 0 1  0 1 0 0 0  0 0 1 1 0  0 1 1 0 0  100.48  133.41  16.12    
0 1 0 0 0  0 0 1 1 0  0 1 1 0 0  0 1 0 0 0  133.41  115.23  141.41    
0 0 1 1 0  0 1 1 0 0  0 1 0 0 0  1 1 1 0 0  115.23  123.68  157.82    
0 1 1 0 0  0 1 0 0 0  1 1 1 0 0  0 1 1 0 1  123.68  139.85  156.83    
0 1 0 0 0  1 1 1 0 0  0 1 1 0 1  1 1 1 0 1  139.85  140.53  88.87    
1 1 1 0 0  0 1 1 0 1  1 1 1 0 1  0 1 1 1 1  140.53  125.97  67.08    
0 1 1 0 1  1 1 1 0 1  0 1 1 1 1  0 0 1 0 0  125.97  88.41  136.06    
1 1 1 0 1  0 1 1 1 1  0 0 1 0 0  1 0 0 0 0  88.41  92.89  52.37    
0 1 1 1 1  0 0 1 0 0  1 0 0 0 0  0 0 1 1 0  92.89  123.19  18.38    
0 0 1 0 0  1 0 0 0 0  0 0 1 1 0  0 1 0 0 0  123.19  146.83  41.94    
1 0 0 0 0  0 0 1 1 0  0 1 0 0 0  1 1 1 0 0  146.83  125.92  127.19    
0 0 1 1 0  0 1 0 0 0  1 1 1 0 0  1 1 0 0 1  125.92  134.77  165.65    
0 1 0 0 0  1 1 1 0 0  1 1 0 0 1  0 1 1 1 0  134.77  114.65  148.52    
1 1 1 0 0  1 1 0 0 1  0 1 1 1 0  0 0 0 0 1  114.65  132.79  166.9    
1 1 0 0 1  0 1 1 1 0  0 0 0 0 1  0 0 0 1 0  132.79  110.18  81.07    
0 1 1 1 0  0 0 0 0 1  0 0 0 1 0  0 1 1 0 0  110.18  94.03  130.33    
0 0 0 0 1  0 0 0 1 0  0 1 1 0 0  0 0 1 0 0  94.03  95.27  57.57    
0 0 0 1 0  0 1 1 0 0  0 0 1 0 0  1 0 0 1 0  95.27  90.81  40.75    
0 1 1 0 0  0 0 1 0 0  1 0 0 1 0  0 0 0 0 1  90.81  97.6  64.15    
0 0 1 0 0  1 0 0 1 0  0 0 0 0 1  0 1 1 0 0  97.6  89.47  50.52    
1 0 0 1 0  0 0 0 0 1  0 1 1 0 0  1 1 1 0 0  89.47  90.6  74.63    
0 0 0 0 1  0 1 1 0 0  1 1 1 0 0  1 1 1 0 1  90.6  123.3  74.86    
0 1 1 0 0  1 1 1 0 0  1 1 1 0 1  0 1 1 1 0  123.3  123.0  154.74    
1 1 1 0 0  1 1 1 0 1  0 1 1 1 0  0 0 0 1 0  123.0  16.11  115.91    
1 1 1 0 1  0 1 1 1 0  0 0 0 1 0  0 0 0 0 1  16.11  114.99  85.83    
0 1 1 1 0  0 0 0 1 0  0 0 0 0 1  1 1 0 0 1  114.99  145.1  128.17    
0 0 0 1 0  0 0 0 0 1  1 1 0 0 1  0 1 1 1 0  145.1  143.73  0.02    
0 0 0 0 1  1 1 0 0 1  0 1 1 1 0  1 0 0 1 0  143.73  124.54  115.94    
1 1 0 0 1  0 1 1 1 0  1 0 0 1 0  1 0 0 0 1  124.54  108.63  136.94    
0 1 1 1 0  1 0 0 1 0  1 0 0 0 1  1 0 0 0 1  108.63  107.16  136.61    
1 0 0 1 0  1 0 0 0 1  1 0 0 0 1  0 0 0 1 0  107.16  113.14  141.37    
1 0 0 0 1  1 0 0 0 1  0 0 0 1 0  0 1 1 0 1  113.14  110.33  95.08    
1 0 0 0 1  0 0 0 1 0  0 1 1 0 1  1 1 0 0 1  110.33  95.02  26.09    
0 0 0 1 0  0 1 1 0 1  1 1 0 0 1  0 1 1 1 0  95.02  128.74  151.5    
0 1 1 0 1  1 1 0 0 1  0 1 1 1 0  0 1 0 0 0  128.74  120.74  146.74    
1 1 0 0 1  0 1 1 1 0  0 1 0 0 0  0 1 0 0 0  120.74  103.64  130.74    
0 1 1 1 0  0 1 0 0 0  0 1 0 0 0  0 1 1 1 1  103.64  95.07  177.24    
0 1 0 0 0  0 1 0 0 0  0 1 1 1 1  1 1 1 1 1  95.07  142.14  20.99    
0 1 0 0 0  0 1 1 1 1  1 1 1 1 1  1 0 0 0 1  142.14  133.15  165.79    
0 1 1 1 1  1 1 1 1 1  1 0 0 0 1  0 1 1 0 0  133.15  121.2  85.07    
1 1 1 1 1  1 0 0 0 1  0 1 1 0 0  0 0 0 1 0  121.2  111.01  124.48    
1 0 0 0 1  0 1 1 0 0  0 0 0 1 0  1 1 1 1 1  111.01  113.42  105.53    
0 1 1 0 0  0 0 0 1 0  1 1 1 1 1  0 0 0 1 0  113.42  114.82  118.24    
0 0 0 1 0  1 1 1 1 1  0 0 0 1 0  0 0 0 1 0  114.82  118.76  100.91    
1 1 1 1 1  0 0 0 1 0  0 0 0 1 0  1 1 1 1 0  118.76  89.0  105.58    
0 0 0 1 0  0 0 0 1 0  1 1 1 1 0  1 1 0 0 1  89.0  89.94  66.99    
0 0 0 1 0  1 1 1 1 0  1 1 0 0 1  0 1 1 0 0  89.94  103.23  86.03    
1 1 1 1 0  1 1 0 0 1  0 1 1 0 0  1 1 0 0 0  103.23  93.77  58.29    
1 1 0 0 1  0 1 1 0 0  1 1 0 0 0  1 1 0 1 0  93.77  98.39  34.39    
0 1 1 0 0  1 1 0 0 0  1 1 0 1 0  1 1 1 0 0  98.39  106.5  62.14    
1 1 0 0 0  1 1 0 1 0  1 1 1 0 0  1 1 1 1 0  106.5  91.85  74.66    
1 1 0 1 0  1 1 1 0 0  1 1 1 1 0  1 0 0 1 0  91.85  92.15  79.74    
1 1 1 0 0  1 1 1 1 0  1 0 0 1 0  0 0 1 0 0  92.15  123.56  174.09    
1 1 1 1 0  1 0 0 1 0  0 0 1 0 0  1 1 0 0 1  123.56  124.07  124.19    
1 0 0 1 0  0 0 1 0 0  1 1 0 0 1  1 0 0 1 0  124.07  86.46  103.67    
0 0 1 0 0  1 1 0 0 1  1 0 0 1 0  0 1 1 0 0  86.46  95.71  46.54    
1 1 0 0 1  1 0 0 1 0  0 1 1 0 0  1 1 0 1 0  95.71  93.1  55.99    
1 0 0 1 0  0 1 1 0 0  1 1 0 1 0  0 1 1 1 0  93.1  90.75  64.64    
0 1 1 0 0  1 1 0 1 0  0 1 1 1 0  0 1 0 0 0  90.75  98.48  56.87    
1 1 0 1 0  0 1 1 1 0  0 1 0 0 0  1 1 1 1 0  98.48  93.6  91.29    
0 1 1 1 0  0 1 0 0 0  1 1 1 1 0  1 0 0 0 0  93.6  110.2  85.3    
0 1 0 0 0  1 1 1 1 0  1 0 0 0 0  1 1 0 0 1  110.2  118.3  126.47    
1 1 1 1 0  1 0 0 0 0  1 1 0 0 1  0 1 1 1 0  118.3  107.03  102.42    
1 0 0 0 0  1 1 0 0 1  0 1 1 1 0  1 0 0 0 1  107.03  88.6  77.07    
1 1 0 0 1  0 1 1 1 0  1 0 0 0 1  0 0 0 1 0  88.6  115.3  125.48    
0 1 1 1 0  1 0 0 0 1  0 0 0 1 0  1 1 1 0 1  115.3  121.6  104.17    
1 0 0 0 1  0 0 0 1 0  1 1 1 0 1  0 0 1 0 0  121.6  89.73  105.23    
0 0 0 1 0  1 1 1 0 1  0 0 1 0 0  0 0 0 0 1  89.73  101.66  56.49    
1 1 1 0 1  0 0 1 0 0  0 0 0 0 1  0 0 1 1 0  101.66  108.6  119.41    
0 0 1 0 0  0 0 0 0 1  0 0 1 1 0  1 1 1 1 1  108.6  89.99  129.76    
0 0 0 0 1  0 0 1 1 0  1 1 1 1 1  0 1 0 0 0  89.99  82.99  74.01    
0 0 1 1 0  1 1 1 1 1  0 1 0 0 0  1 1 1 1 1  82.99  91.9  50.28    
1 1 1 1 1  0 1 0 0 0  1 1 1 1 1  0 0 0 1 0  91.9  103.99  111.08    
0 1 0 0 0  1 1 1 1 1  0 0 0 1 0  0 0 0 0 1  103.99  89.87  157.27    
1 1 1 1 1  0 0 0 1 0  0 0 0 0 1  1 0 0 0 1  89.87  92.02  65.42    
0 0 0 1 0  0 0 0 0 1  1 0 0 0 1  1 1 1 1 1  92.02  92.75  30.75    
0 0 0 0 1  1 0 0 0 1  1 1 1 1 1  0 1 1 0 0  92.75  98.89  54.96    
1 0 0 0 1  1 1 1 1 1  0 1 1 0 0  1 1 0 1 0  98.89  90.31  49.21    
1 1 1 1 1  0 1 1 0 0  1 1 0 1 0  1 0 0 0 0  90.31  89.72  54.41    
0 1 1 0 0  1 1 0 1 0  1 0 0 0 0  1 1 1 1 0  89.72  92.36  59.34    
1 1 0 1 0  1 0 0 0 0  1 1 1 1 0  0 1 1 0 1  92.36  92.58  56.53    
1 0 0 0 0  1 1 1 1 0  0 1 1 0 1  1 0 0 0 0  92.58  95.03  108.32    
1 1 1 1 0  0 1 1 0 1  1 0 0 0 0  1 0 0 0 1  95.03  96.4  128.57    
0 1 1 0 1  1 0 0 0 0  1 0 0 0 1  0 0 0 0 1  96.4  104.27  176.31    
1 0 0 0 0  1 0 0 0 1  0 0 0 0 1  1 1 0 0 0  104.27  90.34  43.63    
1 0 0 0 1  0 0 0 0 1  1 1 0 0 0  0 1 1 0 0  90.34  91.33  60.78    
0 0 0 0 1  1 1 0 0 0  0 1 1 0 0  1 1 0 0 1  91.33  93.79  41.58    
1 1 0 0 0  0 1 1 0 0  1 1 0 0 1  1 0 0 0 0  93.79  92.64  61.78    
0 1 1 0 0  1 1 0 0 1  1 0 0 0 0  1 0 0 0 0  92.64  92.85  43.58    
1 1 0 0 1  1 0 0 0 0  1 0 0 0 0  1 1 1 0 1  92.85  86.95  53.54    
1 0 0 0 0  1 0 0 0 0  1 1 1 0 1  1 1 1 0 1  86.95  88.9  56.21    
1 0 0 0 0  1 1 1 0 1  1 1 1 0 1  1 1 1 1 1  88.9  87.66  42.75    
1 1 1 0 1  1 1 1 0 1  1 1 1 1 1  0 1 0 0 0  87.66  95.59  51.16    
1 1 1 0 1  1 1 1 1 1  0 1 0 0 0  1 0 0 0 0  95.59  91.19  43.46    
1 1 1 1 1  0 1 0 0 0  1 0 0 0 0  1 0 0 0 0  91.19  90.27  49.5    
0 1 0 0 0  1 0 0 0 0  1 0 0 0 0  1 1 1 0 1  90.27  91.59  51.62    
1 0 0 0 0  1 0 0 0 0  1 1 1 0 1  1 1 0 0 0  91.59  90.19  48.69    
1 0 0 0 0  1 1 1 0 1  1 1 0 0 0  1 1 1 1 1  90.19  87.52  46.38    
1 1 1 0 1  1 1 0 0 0  1 1 1 1 1  0 1 1 0 0  87.52  90.24  51.62    
1 1 0 0 0  1 1 1 1 1  0 1 1 0 0  0 1 1 0 0  90.24  101.32  39.55    
1 1 1 1 1  0 1 1 0 0  0 1 1 0 0  1 1 1 1 1  101.32  89.9  50.34    
0 1 1 0 0  0 1 1 0 0  1 1 1 1 1  1 1 1 0 1  89.9  90.3  57.67    
0 1 1 0 0  1 1 1 1 1  1 1 1 0 1  1 1 1 1 0  90.3  92.95  51.1    
1 1 1 1 1  1 1 1 0 1  1 1 1 1 0  1 1 1 1 1  92.95  90.78  57.4    
1 1 1 0 1  1 1 1 1 0  1 1 1 1 1  1 1 0 0 1  90.78  93.09  64.0    
1 1 1 1 0  1 1 1 1 1  1 1 0 0 1  1 1 1 0 1  93.09  87.42  87.36    
1 1 1 1 1  1 1 0 0 1  1 1 1 0 1  0 1 1 1 1  87.42  54.69  44.09    
1 1 0 0 1  1 1 1 0 1  0 1 1 1 1  1 1 1 0 1  54.69  132.0  173.36    
1 1 1 0 1  0 1 1 1 1  1 1 1 0 1  0 0 1 0 0  132.0  116.8  179.38    
0 1 1 1 1  1 1 1 0 1  0 0 1 0 0  1 1 1 1 1  116.8  103.06  149.3    
1 1 1 0 1  0 0 1 0 0  1 1 1 1 1  0 1 1 1 1  103.06  101.58  165.22    
0 0 1 0 0  1 1 1 1 1  0 1 1 1 1  1 0 0 1 0  101.58  108.63  15.99    
1 1 1 1 1  0 1 1 1 1  1 0 0 1 0  1 0 1 0 0  108.63  135.52  49.64    
0 1 1 1 1  1 0 0 1 0  1 0 1 0 0  1 1 0 0 0  135.52  126.8  156.53    
1 0 0 1 0  1 0 1 0 0  1 1 0 0 0  0 1 1 0 1  126.8  95.05  107.04    
1 0 1 0 0  1 1 0 0 0  0 1 1 0 1  0 0 0 1 0  95.05  127.86  152.88    
1 1 0 0 0  0 1 1 0 1  0 0 0 1 0  1 1 1 1 0  127.86  118.67  101.21    
0 1 1 0 1  0 0 0 1 0  1 1 1 1 0  0 0 0 1 0  118.67  105.12  100.32    
0 0 0 1 0  1 1 1 1 0  0 0 0 1 0  1 1 1 0 0  105.12  94.37  141.92    
1 1 1 1 0  0 0 0 1 0  1 1 1 0 0  1 1 1 1 0  94.37  106.25  42.99    
0 0 0 1 0  1 1 1 0 0  1 1 1 1 0  0 1 1 0 1  106.25  102.88  14.35    
1 1 1 0 0  1 1 1 1 0  0 1 1 0 1  0 1 1 0 0  102.88  100.6  123.01    
1 1 1 1 0  0 1 1 0 1  0 1 1 0 0  1 1 0 0 0  100.6  118.09  138.11    
0 1 1 0 1  0 1 1 0 0  1 1 0 0 0  0 0 0 0 1  118.09  99.76  93.31    
0 1 1 0 0  1 1 0 0 0  0 0 0 0 1  0 1 1 1 1  99.76  131.15  164.8    
1 1 0 0 0  0 0 0 0 1  0 1 1 1 1  1 0 0 0 1  131.15  109.66  104.0    
0 0 0 0 1  0 1 1 1 1  1 0 0 0 1  1 1 1 0 0  109.66  116.23  154.42    
0 1 1 1 1  1 0 0 0 1  1 1 1 0 0  1 1 0 0 1  116.23  107.02  110.86    
1 0 0 0 1  1 1 1 0 0  1 1 0 0 1  0 1 1 0 1  107.02  96.86  156.89    
1 1 1 0 0  1 1 0 0 1  0 1 1 0 1  1 1 0 0 1  96.86  139.64  144.84    
1 1 0 0 1  0 1 1 0 1  1 1 0 0 1  1 1 1 0 0  139.64  91.63  95.39    
0 1 1 0 1  1 1 0 0 1  1 1 1 0 0  0 1 1 1 1  91.63  95.41  122.3    
1 1 0 0 1  1 1 1 0 0  0 1 1 1 1  0 0 0 0 1  95.41  88.56  60.18    
1 1 1 0 0  0 1 1 1 1  0 0 0 0 1  1 1 1 1 1  88.56  106.06  96.19    
0 1 1 1 1  0 0 0 0 1  1 1 1 1 1  1 1 1 1 0  106.06  90.45  146.25    
0 0 0 0 1  1 1 1 1 1  1 1 1 1 0  1 1 1 0 0  90.45  107.75  96.46    
1 1 1 1 1  1 1 1 1 0  1 1 1 0 0  1 0 0 1 0  107.75  137.8  132.97    
1 1 1 1 0  1 1 1 0 0  1 0 0 1 0  1 1 1 1 0  137.8  141.68  179.5    
1 1 1 0 0  1 0 0 1 0  1 1 1 1 0  0 1 0 0 0  141.68  95.26  44.29    
1 0 0 1 0  1 1 1 1 0  0 1 0 0 0  0 0 0 1 0  95.26  108.84  162.54    
1 1 1 1 0  0 1 0 0 0  0 0 0 1 0  0 0 0 0 1  108.84  119.35  103.95    
0 1 0 0 0  0 0 0 1 0  0 0 0 0 1  1 0 0 0 1  119.35  103.12  120.08    
0 0 0 1 0  0 0 0 0 1  1 0 0 0 1  1 1 1 0 0  103.12  94.81  160.34    
