  
0 1 0 0 0  0 0 0 0 1  0 1 1 0 0  0 1 1 1 0  88.94  88.4  61.14    
0 0 0 0 1  0 1 1 0 0  0 1 1 1 0  1 1 1 1 1  88.4  94.04  44.43    
0 1 1 0 0  0 1 1 1 0  1 1 1 1 1  1 1 1 0 1  94.04  89.15  51.38    
0 1 1 1 0  1 1 1 1 1  1 1 1 0 1  1 1 1 1 1  89.15  95.18  57.84    
1 1 1 1 1  1 1 1 0 1  1 1 1 1 1  0 0 0 1 0  95.18  108.92  10.96    
1 1 1 0 1  1 1 1 1 1  0 0 0 1 0  0 1 1 0 1  108.92  92.73  169.08    
1 1 1 1 1  0 0 0 1 0  0 1 1 0 1  1 1 0 1 0  92.73  92.48  60.86    
0 0 0 1 0  0 1 1 0 1  1 1 0 1 0  1 1 1 0 0  92.48  90.09  58.78    
0 1 1 0 1  1 1 0 1 0  1 1 1 0 0  1 0 0 0 1  90.09  106.43  32.25    
1 1 0 1 0  1 1 1 0 0  1 0 0 0 1  0 1 1 0 1  106.43  103.57  21.84    
1 1 1 0 0  1 0 0 0 1  0 1 1 0 1  0 0 0 0 1  103.57  132.71  111.39    
1 0 0 0 1  0 1 1 0 1  0 0 0 0 1  0 0 1 0 0  132.71  110.29  6.47    
0 1 1 0 1  0 0 0 0 1  0 0 1 0 0  0 0 0 0 1  110.29  95.83  161.28    
0 0 0 0 1  0 0 1 0 0  0 0 0 0 1  0 0 0 0 1  95.83  107.71  48.12    
0 0 1 0 0  0 0 0 0 1  0 0 0 0 1  0 1 1 0 1  107.71  99.52  48.06    
0 0 0 0 1  0 0 0 0 1  0 1 1 0 1  0 0 1 0 0  99.52  96.18  100.42    
0 0 0 0 1  0 1 1 0 1  0 0 1 0 0  0 1 1 0 1  96.18  96.51  108.96    
0 1 1 0 1  0 0 1 0 0  0 1 1 0 1  0 1 0 0 0  96.51  92.9  38.78    
0 0 1 0 0  0 1 1 0 1  0 1 0 0 0  1 0 1 0 0  92.9  92.05  58.42    
0 1 1 0 1  0 1 0 0 0  1 0 1 0 0  1 0 1 0 0  92.05  93.33  40.23    
0 1 0 0 0  1 0 1 0 0  1 0 1 0 0  1 1 0 1 0  93.33  85.74  62.73    
1 0 1 0 0  1 0 1 0 0  1 1 0 1 0  0 1 1 1 0  85.74  88.6  66.99    
1 0 1 0 0  1 1 0 1 0  0 1 1 1 0  1 0 0 1 0  88.6  93.98  43.6    
1 1 0 1 0  0 1 1 1 0  1 0 0 1 0  1 0 0 0 0  93.98  92.41  53.16    
0 1 1 1 0  1 0 0 1 0  1 0 0 0 0  0 1 1 1 0  92.41  91.54  53.68    
1 0 0 1 0  1 0 0 0 0  0 1 1 1 0  0 1 1 1 0  91.54  91.26  44.57    
1 0 0 0 0  0 1 1 1 0  0 1 1 1 0  0 0 0 0 1  91.26  89.89  53.65    
0 1 1 1 0  0 1 1 1 0  0 0 0 0 1  1 1 1 1 0  89.89  89.86  59.41    
0 1 1 1 0  0 0 0 0 1  1 1 1 1 0  0 1 1 0 0  89.86  92.7  42.46    
0 0 0 0 1  1 1 1 1 0  0 1 1 0 0  1 0 0 0 1  92.7  91.15  53.1    
1 1 1 1 0  0 1 1 0 0  1 0 0 0 1  0 0 0 0 1  91.15  91.17  52.49    
0 1 1 0 0  1 0 0 0 1  0 0 0 0 1  1 0 0 0 0  91.17  88.33  51.5    
1 0 0 0 1  0 0 0 0 1  1 0 0 0 0  0 1 1 0 0  88.33  94.22  47.16    
0 0 0 0 1  1 0 0 0 0  0 1 1 0 0  0 1 0 0 0  94.22  90.67  49.41    
1 0 0 0 0  0 1 1 0 0  0 1 0 0 0  0 1 1 0 0  90.67  90.76  59.68    
0 1 1 0 0  0 1 0 0 0  0 1 1 0 0  0 1 1 0 1  90.76  94.19  54.2    
0 1 0 0 0  0 1 1 0 0  0 1 1 0 1  1 0 1 0 0  94.19  137.79  65.1    
0 1 1 0 0  0 1 1 0 1  1 0 1 0 0  0 0 1 1 0  137.79  107.37  109.71    
0 1 1 0 1  1 0 1 0 0  0 0 1 1 0  1 1 1 0 1  107.37  96.39  42.11    
1 0 1 0 0  0 0 1 1 0  1 1 1 0 1  1 0 0 0 0  96.39  101.78  156.0    
0 0 1 1 0  1 1 1 0 1  1 0 0 0 0  1 0 0 0 1  101.78  135.09  140.21    
1 1 1 0 1  1 0 0 0 0  1 0 0 0 1  1 0 0 0 1  135.09  69.11  102.95    
1 0 0 0 0  1 0 0 0 1  1 0 0 0 1  1 0 0 0 1  69.11  93.32  132.08    
1 0 0 0 1  1 0 0 0 1  1 0 0 0 1  0 1 1 1 0  93.32  121.0  36.75    
1 0 0 0 1  1 0 0 0 1  0 1 1 1 0  0 0 1 0 0  121.0  114.6  167.07    
1 0 0 0 1  0 1 1 1 0  0 0 1 0 0  1 0 0 0 1  114.6  129.36  172.08    
0 1 1 1 0  0 0 1 0 0  1 0 0 0 1  1 0 1 0 0  129.36  105.36  153.7    
0 0 1 0 0  1 0 0 0 1  1 0 1 0 0  0 1 1 0 0  105.36  125.7  149.54    
1 0 0 0 1  1 0 1 0 0  0 1 1 0 0  0 0 0 0 1  125.7  91.36  111.4    
1 0 1 0 0  0 1 1 0 0  0 0 0 0 1  1 1 1 1 0  91.36  91.76  59.7    
0 1 1 0 0  0 0 0 0 1  1 1 1 1 0  1 1 0 0 1  91.76  96.34  101.9    
0 0 0 0 1  1 1 1 1 0  1 1 0 0 1  0 1 1 1 0  96.34  124.04  124.57    
1 1 1 1 0  1 1 0 0 1  0 1 1 1 0  1 1 0 0 1  124.04  129.02  143.1    
1 1 0 0 1  0 1 1 1 0  1 1 0 0 1  0 1 1 1 0  129.02  127.43  161.28    
0 1 1 1 0  1 1 0 0 1  0 1 1 1 0  1 1 0 0 0  127.43  118.18  164.26    
1 1 0 0 1  0 1 1 1 0  1 1 0 0 0  0 0 0 0 1  118.18  126.28  172.44    
0 1 1 1 0  1 1 0 0 0  0 0 0 0 1  0 0 0 0 1  126.28  131.14  175.03    
1 1 0 0 0  0 0 0 0 1  0 0 0 0 1  0 1 1 0 1  131.14  94.61  143.09    
0 0 0 0 1  0 0 0 0 1  0 1 1 0 1  1 1 1 1 1  94.61  128.13  123.79    
0 0 0 0 1  0 1 1 0 1  1 1 1 1 1  0 1 1 0 1  128.13  94.07  75.87    
0 1 1 0 1  1 1 1 1 1  0 1 1 0 1  1 0 0 0 1  94.07  120.0  103.18    
1 1 1 1 1  0 1 1 0 1  1 0 0 0 1  0 0 0 1 0  120.0  113.94  85.21    
0 1 1 0 1  1 0 0 0 1  0 0 0 1 0  0 0 1 0 0  113.94  116.06  79.81    
1 0 0 0 1  0 0 0 1 0  0 0 1 0 0  0 1 1 0 1  116.06  103.15  174.09    
0 0 0 1 0  0 0 1 0 0  0 1 1 0 1  1 0 0 0 1  103.15  122.47  108.25    
0 0 1 0 0  0 1 1 0 1  1 0 0 0 1  1 0 1 0 0  122.47  115.04  82.86    
0 1 1 0 1  1 0 0 0 1  1 0 1 0 0  0 0 0 1 0  115.04  102.45  125.12    
1 0 0 0 1  1 0 1 0 0  0 0 0 1 0  1 0 0 0 0  102.45  92.9  143.05    
1 0 1 0 0  0 0 0 1 0  1 0 0 0 0  1 0 0 0 0  92.9  100.73  39.78    
0 0 0 1 0  1 0 0 0 0  1 0 0 0 0  0 1 1 0 1  100.73  96.21  37.59    
1 0 0 0 0  1 0 0 0 0  0 1 1 0 1  0 1 1 1 0  96.21  94.83  137.66    
1 0 0 0 0  0 1 1 0 1  0 1 1 1 0  1 1 0 0 1  94.83  134.39  86.8    
0 1 1 0 1  0 1 1 1 0  1 1 0 0 1  1 1 0 0 1  134.39  95.38  30.67    
0 1 1 1 0  1 1 0 0 1  1 1 0 0 1  0 1 1 0 0  95.38  88.93  115.09    
1 1 0 0 1  1 1 0 0 1  0 1 1 0 0  0 1 1 0 0  88.93  87.06  40.08    
1 1 0 0 1  0 1 1 0 0  0 1 1 0 0  1 0 0 0 0  87.06  90.23  59.07    
0 1 1 0 0  0 1 1 0 0  1 0 0 0 0  0 1 1 1 0  90.23  89.72  48.86    
0 1 1 0 0  1 0 0 0 0  0 1 1 1 0  1 0 0 0 1  89.72  89.19  55.54    
1 0 0 0 0  0 1 1 1 0  1 0 0 0 1  1 1 0 1 0  89.19  89.93  48.55    
0 1 1 1 0  1 0 0 0 1  1 1 0 1 0  0 0 1 0 0  89.93  98.06  45.8    
1 0 0 0 1  1 1 0 1 0  0 0 1 0 0  0 1 1 1 0  98.06  111.67  27.67    
1 1 0 1 0  0 0 1 0 0  0 1 1 1 0  0 1 0 0 0  111.67  123.38  76.38    
0 0 1 0 0  0 1 1 1 0  0 1 0 0 0  0 1 1 0 1  123.38  133.98  62.06    
0 1 1 1 0  0 1 0 0 0  0 1 1 0 1  0 1 1 1 0  133.98  33.65  112.4    
0 1 0 0 0  0 1 1 0 1  0 1 1 1 0  0 1 1 0 1  33.65  90.63  53.82    
0 1 1 0 1  0 1 1 1 0  0 1 1 0 1  0 1 1 1 0  90.63  134.16  118.15    
0 1 1 1 0  0 1 1 0 1  0 1 1 1 0  1 1 0 0 1  134.16  89.83  86.82    
0 1 1 0 1  0 1 1 1 0  1 1 0 0 1  0 1 1 1 0  89.83  85.46  77.76    
0 1 1 1 0  1 1 0 0 1  0 1 1 1 0  0 1 1 1 0  85.46  90.59  53.8    
1 1 0 0 1  0 1 1 1 0  0 1 1 1 0  1 1 1 1 0  90.59  89.39  49.1    
0 1 1 1 0  0 1 1 1 0  1 1 1 1 0  0 1 1 0 0  89.39  93.44  49.63    
0 1 1 1 0  1 1 1 1 0  0 1 1 0 0  0 1 0 0 0  93.44  89.74  51.89    
1 1 1 1 0  0 1 1 0 0  0 1 0 0 0  1 1 0 0 1  89.74  97.43  45.53    
0 1 1 0 0  0 1 0 0 0  1 1 0 0 1  1 1 0 0 0  97.43  120.2  91.83    
0 1 0 0 0  1 1 0 0 1  1 1 0 0 0  1 1 1 0 1  120.2  85.6  150.54    
1 1 0 0 1  1 1 0 0 0  1 1 1 0 1  0 1 0 0 0  85.6  133.26  10.96    
1 1 0 0 0  1 1 1 0 1  0 1 0 0 0  1 0 0 0 0  133.26  126.74  179.47    
1 1 1 0 1  0 1 0 0 0  1 0 0 0 0  0 1 0 0 0  126.74  119.92  160.08    
0 1 0 0 0  1 0 0 0 0  0 1 0 0 0  0 1 1 1 0  119.92  122.31  164.77    
1 0 0 0 0  0 1 0 0 0  0 1 1 1 0  1 0 0 0 1  122.31  120.07  178.15    
0 1 0 0 0  0 1 1 1 0  1 0 0 0 1  1 1 0 0 0  120.07  123.82  174.04    
0 1 1 1 0  1 0 0 0 1  1 1 0 0 0  1 1 1 1 1  123.82  109.62  164.59    
1 0 0 0 1  1 1 0 0 0  1 1 1 1 1  1 0 0 0 0  109.62  140.57  137.85    
1 1 0 0 0  1 1 1 1 1  1 0 0 0 0  0 1 1 0 1  140.57  92.12  5.81    
1 1 1 1 1  1 0 0 0 0  0 1 1 0 1  1 1 1 0 1  92.12  95.55  53.28    
1 0 0 0 0  0 1 1 0 1  1 1 1 0 1  1 0 0 0 1  95.55  138.73  101.02    
0 1 1 0 1  1 1 1 0 1  1 0 0 0 1  1 0 1 0 0  138.73  113.63  136.85    
1 1 1 0 1  1 0 0 0 1  1 0 1 0 0  1 1 1 1 1  113.63  125.02  167.79    
1 0 0 0 1  1 0 1 0 0  1 1 1 1 1  1 1 0 0 0  125.02  137.31  171.14    
1 0 1 0 0  1 1 1 1 1  1 1 0 0 0  1 0 0 0 1  137.31  135.6  170.4    
1 1 1 1 1  1 1 0 0 0  1 0 0 0 1  1 1 1 0 0  135.6  126.51  152.0    
1 1 0 0 0  1 0 0 0 1  1 1 1 0 0  1 0 0 0 0  126.51  130.02  171.36    
1 0 0 0 1  1 1 1 0 0  1 0 0 0 0  1 0 1 0 0  130.02  115.84  161.46    
1 1 1 0 0  1 0 0 0 0  1 0 1 0 0  0 1 1 0 1  115.84  87.56  17.38    
1 0 0 0 0  1 0 1 0 0  0 1 1 0 1  0 1 1 1 0  87.56  94.77  52.66    
1 0 1 0 0  0 1 1 0 1  0 1 1 1 0  0 0 0 1 0  94.77  114.77  122.24    
0 1 1 0 1  0 1 1 1 0  0 0 0 1 0  1 1 0 0 0  114.77  110.69  127.62    
0 1 1 1 0  0 0 0 1 0  1 1 0 0 0  0 1 1 0 0  110.69  91.45  154.87    
0 0 0 1 0  1 1 0 0 0  0 1 1 0 0  0 0 0 1 0  91.45  136.83  12.12    
1 1 0 0 0  0 1 1 0 0  0 0 0 1 0  0 1 0 0 0  136.83  119.17  75.81    
0 1 1 0 0  0 0 0 1 0  0 1 0 0 0  0 1 1 0 0  119.17  103.22  79.68    
0 0 0 1 0  0 1 0 0 0  0 1 1 0 0  0 1 1 1 0  103.22  136.94  164.31    
0 1 0 0 0  0 1 1 0 0  0 1 1 1 0  0 0 1 0 0  136.94  107.83  119.82    
0 1 1 0 0  0 1 1 1 0  0 0 1 0 0  0 1 1 0 1  107.83  103.12  171.21    
0 1 1 1 0  0 0 1 0 0  0 1 1 0 1  1 0 0 0 0  103.12  150.99  29.89    
0 0 1 0 0  0 1 1 0 1  1 0 0 0 0  0 0 1 0 0  150.99  128.39  76.63    
0 1 1 0 1  1 0 0 0 0  0 0 1 0 0  1 0 0 0 0  128.39  142.2  173.0    
1 0 0 0 0  0 0 1 0 0  1 0 0 0 0  1 1 1 0 1  142.2  90.68  149.27    
0 0 1 0 0  1 0 0 0 0  1 1 1 0 1  0 0 1 0 0  90.68  131.58  84.82    
1 0 0 0 0  1 1 1 0 1  0 0 1 0 0  0 1 1 0 1  131.58  130.93  149.77    
1 1 1 0 1  0 0 1 0 0  0 1 1 0 1  0 0 1 0 0  130.93  148.08  88.45    
0 0 1 0 0  0 1 1 0 1  0 0 1 0 0  1 1 0 1 0  148.08  128.62  98.47    
0 1 1 0 1  0 0 1 0 0  1 1 0 1 0  0 1 1 1 0  128.62  127.21  172.15    
0 0 1 0 0  1 1 0 1 0  0 1 1 1 0  1 1 1 1 1  127.21  124.19  176.49    
1 1 0 1 0  0 1 1 1 0  1 1 1 1 1  1 0 0 1 0  124.19  117.13  174.36    
0 1 1 1 0  1 1 1 1 1  1 0 0 1 0  0 1 1 1 1  117.13  137.6  174.41    
1 1 1 1 1  1 0 0 1 0  0 1 1 1 1  0 0 0 1 0  137.6  109.71  152.69    
1 0 0 1 0  0 1 1 1 1  0 0 0 1 0  1 1 0 0 1  109.71  112.03  128.34    
0 1 1 1 1  0 0 0 1 0  1 1 0 0 1  0 1 0 0 0  112.03  110.52  104.45    
0 0 0 1 0  1 1 0 0 1  0 1 0 0 0  1 0 0 0 0  110.52  86.42  157.77    
1 1 0 0 1  0 1 0 0 0  1 0 0 0 0  0 0 1 0 0  86.42  87.02  67.26    
0 1 0 0 0  1 0 0 0 0  0 0 1 0 0  1 0 0 1 0  87.02  105.27  28.8    
1 0 0 0 0  0 0 1 0 0  1 0 0 1 0  0 0 1 0 0  105.27  113.15  61.67    
0 0 1 0 0  1 0 0 1 0  0 0 1 0 0  1 1 1 1 0  113.15  137.4  176.39    
1 0 0 1 0  0 0 1 0 0  1 1 1 1 0  0 1 1 1 0  137.4  95.53  4.28    
0 0 1 0 0  1 1 1 1 0  0 1 1 1 0  0 0 1 0 0  95.53  100.5  51.27    
1 1 1 1 0  0 1 1 1 0  0 0 1 0 0  1 0 0 0 0  100.5  99.29  147.1    
0 1 1 1 0  0 0 1 0 0  1 0 0 0 0  1 0 0 1 0  99.29  126.76  77.93    
0 0 1 0 0  1 0 0 0 0  1 0 0 1 0  1 0 0 0 0  126.76  117.52  111.99    
1 0 0 0 0  1 0 0 1 0  1 0 0 0 0  1 1 1 0 0  117.52  109.28  141.89    
1 0 0 1 0  1 0 0 0 0  1 1 1 0 0  1 0 0 0 0  109.28  93.41  150.09    
1 0 0 0 0  1 1 1 0 0  1 0 0 0 0  1 0 0 0 1  93.41  93.52  56.75    
1 1 1 0 0  1 0 0 0 0  1 0 0 0 1  0 1 0 0 0  93.52  91.0  52.89    
1 0 0 0 0  1 0 0 0 1  0 1 0 0 0  0 1 1 0 0  91.0  92.97  43.5    
1 0 0 0 1  0 1 0 0 0  0 1 1 0 0  1 1 1 0 1  92.97  92.8  50.82    
0 1 0 0 0  0 1 1 0 0  1 1 1 0 1  1 1 1 1 1  92.8  92.88  55.06    
0 1 1 0 0  1 1 1 0 1  1 1 1 1 1  0 1 0 0 0  92.88  95.94  40.94    
1 1 1 0 1  1 1 1 1 1  0 1 0 0 0  1 1 1 1 1  95.94  89.16  52.43    
1 1 1 1 1  0 1 0 0 0  1 1 1 1 1  1 0 0 0 0  89.16  90.24  53.9    
0 1 0 0 0  1 1 1 1 1  1 0 0 0 0  0 1 0 0 0  90.24  89.44  48.25    
1 1 1 1 1  1 0 0 0 0  0 1 0 0 0  1 1 0 0 1  89.44  92.57  50.47    
1 0 0 0 0  0 1 0 0 0  1 1 0 0 1  1 0 0 1 0  92.57  91.28  59.92    
0 1 0 0 0  1 1 0 0 1  1 0 0 1 0  0 1 0 0 0  91.28  93.16  46.47    
1 1 0 0 1  1 0 0 1 0  0 1 0 0 0  1 1 1 1 0  93.16  92.54  44.11    
1 0 0 1 0  0 1 0 0 0  1 1 1 1 0  1 1 0 0 1  92.54  95.35  42.44    
0 1 0 0 0  1 1 1 1 0  1 1 0 0 1  0 1 1 0 1  95.35  112.56  174.44    
1 1 1 1 0  1 1 0 0 1  0 1 1 0 1  0 1 1 1 0  112.56  92.26  31.8    
1 1 0 0 1  0 1 1 0 1  0 1 1 1 0  1 1 0 0 1  92.26  110.83  110.19    
0 1 1 0 1  0 1 1 1 0  1 1 0 0 1  1 0 0 0 1  110.83  114.92  139.64    
0 1 1 1 0  1 1 0 0 1  1 0 0 0 1  1 1 1 1 1  114.92  120.14  166.85    
1 1 0 0 1  1 0 0 0 1  1 1 1 1 1  0 1 0 0 0  120.14  120.34  170.57    
1 0 0 0 1  1 1 1 1 1  0 1 0 0 0  1 1 1 1 1  120.34  118.96  165.45    
1 1 1 1 1  0 1 0 0 0  1 1 1 1 1  0 0 0 0 1  118.96  129.15  178.48    
0 1 0 0 0  1 1 1 1 1  0 0 0 0 1  1 1 1 0 1  129.15  111.92  160.92    
1 1 1 1 1  0 0 0 0 1  1 1 1 0 1  1 1 1 1 1  111.92  91.58  173.19    
0 0 0 0 1  1 1 1 0 1  1 1 1 1 1  0 0 0 0 1  91.58  95.09  70.12    
1 1 1 0 1  1 1 1 1 1  0 0 0 0 1  0 1 1 0 1  95.09  104.53  1.87    
1 1 1 1 1  0 0 0 0 1  0 1 1 0 1  1 1 1 0 1  104.53  95.51  109.02    
0 0 0 0 1  0 1 1 0 1  1 1 1 0 1  1 0 0 0 0  95.51  115.73  153.34    
0 1 1 0 1  1 1 1 0 1  1 0 0 0 0  0 0 0 0 1  115.73  142.59  174.81    
1 1 1 0 1  1 0 0 0 0  0 0 0 0 1  1 0 1 0 0  142.59  137.5  172.62    
1 0 0 0 0  0 0 0 0 1  1 0 1 0 0  1 0 0 1 0  137.5  116.11  152.26    
0 0 0 0 1  1 0 1 0 0  1 0 0 1 0  1 0 1 0 0  116.11  113.8  167.71    
1 0 1 0 0  1 0 0 1 0  1 0 1 0 0  1 1 1 0 0  113.8  126.58  146.05    
1 0 0 1 0  1 0 1 0 0  1 1 1 0 0  0 1 0 0 0  126.58  57.49  74.5    
1 0 1 0 0  1 1 1 0 0  0 1 0 0 0  0 0 0 0 1  57.49  39.52  47.03    
1 1 1 0 0  0 1 0 0 0  0 0 0 0 1  0 1 1 0 0  39.52  89.77  149.98    
0 1 0 0 0  0 0 0 0 1  0 1 1 0 0  0 1 1 1 0  89.77  88.57  61.19    
0 0 0 0 1  0 1 1 0 0  0 1 1 1 0  1 1 1 1 1  88.57  92.21  43.88    
0 1 1 0 0  0 1 1 1 0  1 1 1 1 1  1 1 1 0 1  92.21  90.84  52.19    
0 1 1 1 0  1 1 1 1 1  1 1 1 0 1  1 1 1 1 1  90.84  93.6  56.95    
1 1 1 1 1  1 1 1 0 1  1 1 1 1 1  0 0 0 1 0  93.6  111.2  11.77    
1 1 1 0 1  1 1 1 1 1  0 0 0 1 0  0 1 1 0 1  111.2  95.22  169.06    
1 1 1 1 1  0 0 0 1 0  0 1 1 0 1  1 1 0 1 0  95.22  91.44  61.4    
0 0 0 1 0  0 1 1 0 1  1 1 0 1 0  1 1 1 0 0  91.44  89.84  60.38    
0 1 1 0 1  1 1 0 1 0  1 1 1 0 0  1 0 0 0 1  89.84  106.42  32.2    
1 1 0 1 0  1 1 1 0 0  1 0 0 0 1  0 1 1 0 1  106.42  104.14  23.64    
1 1 1 0 0  1 0 0 0 1  0 1 1 0 1  0 0 0 0 1  104.14  130.37  119.84    
1 0 0 0 1  0 1 1 0 1  0 0 0 0 1  0 0 1 0 0  130.37  109.53  0.56    
0 1 1 0 1  0 0 0 0 1  0 0 1 0 0  0 0 0 0 1  109.53  95.74  167.46    
0 0 0 0 1  0 0 1 0 0  0 0 0 0 1  0 0 0 0 1  95.74  105.68  50.82    
0 0 1 0 0  0 0 0 0 1  0 0 0 0 1  0 1 1 0 1  105.68  100.57  49.21    
0 0 0 0 1  0 0 0 0 1  0 1 1 0 1  0 0 1 0 0  100.57  97.93  106.76    
0 0 0 0 1  0 1 1 0 1  0 0 1 0 0  0 1 1 0 1  97.93  93.15  103.41    
0 1 1 0 1  0 0 1 0 0  0 1 1 0 1  0 1 0 0 0  93.15  90.87  44.61    
0 0 1 0 0  0 1 1 0 1  0 1 0 0 0  1 0 1 0 0  90.87  91.83  55.69    
0 1 1 0 1  0 1 0 0 0  1 0 1 0 0  1 0 1 0 0  91.83  92.04  42.1    
0 1 0 0 0  1 0 1 0 0  1 0 1 0 0  1 1 0 1 0  92.04  85.33  63.64    
1 0 1 0 0  1 0 1 0 0  1 1 0 1 0  0 1 1 1 0  85.33  90.66  64.17    
1 0 1 0 0  1 1 0 1 0  0 1 1 1 0  1 0 0 1 0  90.66  93.59  42.5    
1 1 0 1 0  0 1 1 1 0  1 0 0 1 0  1 0 0 0 0  93.59  92.0  53.52    
0 1 1 1 0  1 0 0 1 0  1 0 0 0 0  1 0 0 0 0  92.0  120.84  55.89    
1 0 0 1 0  1 0 0 0 0  1 0 0 0 0  0 1 1 1 0  120.84  74.36  100.53    
1 0 0 0 0  1 0 0 0 0  0 1 1 1 0  0 1 1 1 0  74.36  91.11  12.47    
1 0 0 0 0  0 1 1 1 0  0 1 1 1 0  0 0 0 0 1  91.11  91.03  52.45    
0 1 1 1 0  0 1 1 1 0  0 0 0 0 1  1 1 1 1 0  91.03  90.28  56.55    
0 1 1 1 0  0 0 0 0 1  1 1 1 1 0  0 1 1 0 0  90.28  91.65  44.55    
0 0 0 0 1  1 1 1 1 0  0 1 1 0 0  1 0 0 0 1  91.65  91.27  51.91    
1 1 1 1 0  0 1 1 0 0  1 0 0 0 1  0 0 0 0 1  91.27  89.38  50.58    
0 1 1 0 0  1 0 0 0 1  0 0 0 0 1  1 0 0 0 0  89.38  88.3  51.75    
1 0 0 0 1  0 0 0 0 1  1 0 0 0 0  0 1 1 0 0  88.3  93.55  46.38    
0 0 0 0 1  1 0 0 0 0  0 1 1 0 0  0 1 0 0 0  93.55  92.86  50.4    
1 0 0 0 0  0 1 1 0 0  0 1 0 0 0  0 1 1 0 0  92.86  92.61  61.74    
0 1 1 0 0  0 1 0 0 0  0 1 1 0 0  0 1 1 0 1  92.61  91.97  67.98    
0 1 0 0 0  0 1 1 0 0  0 1 1 0 1  1 0 1 0 0  91.97  136.65  52.93    
0 1 1 0 0  0 1 1 0 1  1 0 1 0 0  0 0 1 1 0  136.65  104.82  119.06    
0 1 1 0 1  1 0 1 0 0  0 0 1 1 0  1 1 1 0 1  104.82  95.75  47.54    
1 0 1 0 0  0 0 1 1 0  1 1 1 0 1  1 0 0 0 0  95.75  116.81  171.84    
0 0 1 1 0  1 1 1 0 1  1 0 0 0 0  1 0 0 0 1  116.81  134.49  160.79    
1 1 1 0 1  1 0 0 0 0  1 0 0 0 1  1 0 0 0 1  134.49  75.33  106.71    
1 0 0 0 0  1 0 0 0 1  1 0 0 0 1  1 0 0 0 1  75.33  98.17  130.33    
1 0 0 0 1  1 0 0 0 1  1 0 0 0 1  0 1 1 1 0  98.17  121.0  45.88    
1 0 0 0 1  1 0 0 0 1  0 1 1 1 0  0 0 1 0 0  121.0  113.75  166.58    
1 0 0 0 1  0 1 1 1 0  0 0 1 0 0  1 0 0 0 1  113.75  127.53  173.3    
0 1 1 1 0  0 0 1 0 0  1 0 0 0 1  1 0 1 0 0  127.53  103.92  153.59    
0 0 1 0 0  1 0 0 0 1  1 0 1 0 0  0 1 1 0 0  103.92  125.76  149.05    
1 0 0 0 1  1 0 1 0 0  0 1 1 0 0  0 0 0 0 1  125.76  90.38  110.26    
1 0 1 0 0  0 1 1 0 0  0 0 0 0 1  1 1 1 1 0  90.38  89.45  59.74    
0 1 1 0 0  0 0 0 0 1  1 1 1 1 0  1 1 0 0 1  89.45  93.46  106.85    
0 0 0 0 1  1 1 1 1 0  1 1 0 0 1  0 1 1 1 0  93.46  119.29  127.57    
1 1 1 1 0  1 1 0 0 1  0 1 1 1 0  1 1 0 0 1  119.29  127.86  142.42    
1 1 0 0 1  0 1 1 1 0  1 1 0 0 1  0 1 1 1 0  127.86  126.37  161.37    
0 1 1 1 0  1 1 0 0 1  0 1 1 1 0  1 1 0 0 0  126.37  117.91  164.52    
1 1 0 0 1  0 1 1 1 0  1 1 0 0 0  0 0 0 0 1  117.91  125.55  172.23    
0 1 1 1 0  1 1 0 0 0  0 0 0 0 1  0 0 0 0 1  125.55  130.47  176.91    
1 1 0 0 0  0 0 0 0 1  0 0 0 0 1  0 1 1 0 1  130.47  93.96  142.96    
0 0 0 0 1  0 0 0 0 1  0 1 1 0 1  1 1 1 1 1  93.96  126.85  124.66    
0 0 0 0 1  0 1 1 0 1  1 1 1 1 1  0 1 1 0 1  126.85  95.13  74.37    
0 1 1 0 1  1 1 1 1 1  0 1 1 0 1  1 0 0 0 1  95.13  121.22  105.19    
1 1 1 1 1  0 1 1 0 1  1 0 0 0 1  0 0 0 1 0  121.22  112.34  84.87    
0 1 1 0 1  1 0 0 0 1  0 0 0 1 0  0 0 1 0 0  112.34  116.02  82.76    
1 0 0 0 1  0 0 0 1 0  0 0 1 0 0  0 1 1 0 1  116.02  104.58  174.68    
0 0 0 1 0  0 0 1 0 0  0 1 1 0 1  1 0 0 0 1  104.58  119.94  114.64    
0 0 1 0 0  0 1 1 0 1  1 0 0 0 1  1 0 1 0 0  119.94  111.38  88.61    
0 1 1 0 1  1 0 0 0 1  1 0 1 0 0  0 0 0 1 0  111.38  105.72  123.26    
1 0 0 0 1  1 0 1 0 0  0 0 0 1 0  1 0 0 0 0  105.72  95.14  137.0    
1 0 1 0 0  0 0 0 1 0  1 0 0 0 0  1 0 0 0 0  95.14  103.55  33.94    
0 0 0 1 0  1 0 0 0 0  1 0 0 0 0  0 1 1 0 1  103.55  93.38  40.95    
1 0 0 0 0  1 0 0 0 0  0 1 1 0 1  0 1 1 1 0  93.38  95.5  138.47    
1 0 0 0 0  0 1 1 0 1  0 1 1 1 0  1 1 0 0 1  95.5  135.65  89.66    
0 1 1 0 1  0 1 1 1 0  1 1 0 0 1  1 1 0 0 1  135.65  51.17  20.42    
0 1 1 1 0  1 1 0 0 1  1 1 0 0 1  0 1 1 0 0  51.17  77.77  111.94    
1 1 0 0 1  1 1 0 0 1  0 1 1 0 0  0 1 1 0 0  77.77  86.43  4.39    
1 1 0 0 1  0 1 1 0 0  0 1 1 0 0  1 0 0 0 0  86.43  90.13  59.51    
0 1 1 0 0  0 1 1 0 0  1 0 0 0 0  0 1 1 1 0  90.13  89.69  48.7    
0 1 1 0 0  1 0 0 0 0  0 1 1 1 0  1 0 0 0 1  89.69  89.18  54.35    
1 0 0 0 0  0 1 1 1 0  1 0 0 0 1  1 1 0 1 0  89.18  90.67  49.19    
0 1 1 1 0  1 0 0 0 1  1 1 0 1 0  0 0 1 0 0  90.67  97.82  44.51    
1 0 0 0 1  1 1 0 1 0  0 0 1 0 0  0 1 1 1 0  97.82  110.91  29.51    
1 1 0 1 0  0 0 1 0 0  0 1 1 1 0  0 1 0 0 0  110.91  119.19  82.79    
0 0 1 0 0  0 1 1 1 0  0 1 0 0 0  0 1 1 0 1  119.19  127.52  71.44    
0 1 1 1 0  0 1 0 0 0  0 1 1 0 1  0 1 1 1 0  127.52  37.41  120.11    
0 1 0 0 0  0 1 1 0 1  0 1 1 1 0  0 1 1 0 1  37.41  90.57  48.08    
0 1 1 0 1  0 1 1 1 0  0 1 1 0 1  0 1 1 1 0  90.57  134.41  115.77    
0 1 1 1 0  0 1 1 0 1  0 1 1 1 0  1 1 0 0 1  134.41  90.05  95.3    
0 1 1 0 1  0 1 1 1 0  1 1 0 0 1  0 1 1 1 0  90.05  86.48  73.27    
0 1 1 1 0  1 1 0 0 1  0 1 1 1 0  0 1 1 1 0  86.48  90.06  51.85    
1 1 0 0 1  0 1 1 1 0  0 1 1 1 0  1 1 1 1 0  90.06  89.37  49.19    
0 1 1 1 0  0 1 1 1 0  1 1 1 1 0  0 1 1 0 0  89.37  93.2  48.22    
0 1 1 1 0  1 1 1 1 0  0 1 1 0 0  0 1 0 0 0  93.2  90.93  51.6    
1 1 1 1 0  0 1 1 0 0  0 1 0 0 0  1 1 0 0 1  90.93  95.64  45.58    
0 1 1 0 0  0 1 0 0 0  1 1 0 0 1  1 1 0 0 0  95.64  119.85  91.51    
0 1 0 0 0  1 1 0 0 1  1 1 0 0 0  1 1 1 0 1  119.85  86.84  151.28    
1 1 0 0 1  1 1 0 0 0  1 1 1 0 1  0 1 0 0 0  86.84  132.52  12.81    
1 1 0 0 0  1 1 1 0 1  0 1 0 0 0  1 0 0 0 0  132.52  126.82  179.9    
1 1 1 0 1  0 1 0 0 0  1 0 0 0 0  0 1 0 0 0  126.82  120.44  159.16    
0 1 0 0 0  1 0 0 0 0  0 1 0 0 0  0 1 1 1 0  120.44  123.03  165.04    
1 0 0 0 0  0 1 0 0 0  0 1 1 1 0  1 0 0 0 1  123.03  119.82  178.21    
0 1 0 0 0  0 1 1 1 0  1 0 0 0 1  1 1 0 0 0  119.82  123.72  175.81    
0 1 1 1 0  1 0 0 0 1  1 1 0 0 0  1 1 1 1 1  123.72  110.6  162.49    
1 0 0 0 1  1 1 0 0 0  1 1 1 1 1  1 0 0 0 0  110.6  140.3  137.51    
1 1 0 0 0  1 1 1 1 1  1 0 0 0 0  0 1 1 0 1  140.3  90.37  9.01    
1 1 1 1 1  1 0 0 0 0  0 1 1 0 1  1 1 1 0 1  90.37  93.89  56.66    
1 0 0 0 0  0 1 1 0 1  1 1 1 0 1  1 0 0 0 1  93.89  137.03  106.93    
0 1 1 0 1  1 1 1 0 1  1 0 0 0 1  1 0 1 0 0  137.03  112.42  136.36    
1 1 1 0 1  1 0 0 0 1  1 0 1 0 0  1 1 1 1 1  112.42  121.1  166.05    
1 0 0 0 1  1 0 1 0 0  1 1 1 1 1  1 1 0 0 0  121.1  134.79  172.03    
1 0 1 0 0  1 1 1 1 1  1 1 0 0 0  1 0 0 0 1  134.79  135.45  165.11    
1 1 1 1 1  1 1 0 0 0  1 0 0 0 1  1 1 1 0 0  135.45  126.87  153.08    
1 1 0 0 0  1 0 0 0 1  1 1 1 0 0  1 0 0 0 0  126.87  130.97  169.7    
1 0 0 0 1  1 1 1 0 0  1 0 0 0 0  1 0 1 0 0  130.97  116.09  161.67    
1 1 1 0 0  1 0 0 0 0  1 0 1 0 0  0 1 1 0 1  116.09  88.29  17.07    
1 0 0 0 0  1 0 1 0 0  0 1 1 0 1  0 1 1 1 0  88.29  94.28  52.47    
1 0 1 0 0  0 1 1 0 1  0 1 1 1 0  0 0 0 1 0  94.28  114.75  121.04    
0 1 1 0 1  0 1 1 1 0  0 0 0 1 0  1 1 0 0 0  114.75  111.14  128.79    
0 1 1 1 0  0 0 0 1 0  1 1 0 0 0  0 1 1 0 0  111.14  92.07  153.11    
0 0 0 1 0  1 1 0 0 0  0 1 1 0 0  0 0 0 1 0  92.07  136.8  9.16    
1 1 0 0 0  0 1 1 0 0  0 0 0 1 0  0 1 0 0 0  136.8  117.63  78.03    
0 1 1 0 0  0 0 0 1 0  0 1 0 0 0  0 1 1 0 0  117.63  105.68  78.65    
0 0 0 1 0  0 1 0 0 0  0 1 1 0 0  0 1 1 1 0  105.68  135.58  160.07    
0 1 0 0 0  0 1 1 0 0  0 1 1 1 0  0 0 1 0 0  135.58  103.21  129.55    
0 1 1 0 0  0 1 1 1 0  0 0 1 0 0  0 1 1 0 1  103.21  102.64  168.68    
0 1 1 1 0  0 0 1 0 0  0 1 1 0 1  1 0 0 0 0  102.64  151.96  27.42    
0 0 1 0 0  0 1 1 0 1  1 0 0 0 0  0 0 1 0 0  151.96  134.32  72.2    
0 1 1 0 1  1 0 0 0 0  0 0 1 0 0  1 0 0 0 0  134.32  140.3  167.82    
1 0 0 0 0  0 0 1 0 0  1 0 0 0 0  1 1 1 0 1  140.3  90.99  150.37    
0 0 1 0 0  1 0 0 0 0  1 1 1 0 1  0 0 1 0 0  90.99  130.34  82.24    
1 0 0 0 0  1 1 1 0 1  0 0 1 0 0  0 1 1 0 1  130.34  133.37  145.97    
1 1 1 0 1  0 0 1 0 0  0 1 1 0 1  0 0 1 0 0  133.37  148.46  90.43    
0 0 1 0 0  0 1 1 0 1  0 0 1 0 0  1 1 0 1 0  148.46  128.31  96.72    
0 1 1 0 1  0 0 1 0 0  1 1 0 1 0  0 1 1 1 0  128.31  124.75  169.51    
0 0 1 0 0  1 1 0 1 0  0 1 1 1 0  1 1 1 1 1  124.75  121.84  176.13    
1 1 0 1 0  0 1 1 1 0  1 1 1 1 1  1 0 0 1 0  121.84  117.72  176.97    
0 1 1 1 0  1 1 1 1 1  1 0 0 1 0  0 1 1 1 1  117.72  137.16  175.2    
1 1 1 1 1  1 0 0 1 0  0 1 1 1 1  0 0 0 1 0  137.16  107.68  154.3    
1 0 0 1 0  0 1 1 1 1  0 0 0 1 0  1 1 0 0 1  107.68  113.43  126.64    
0 1 1 1 1  0 0 0 1 0  1 1 0 0 1  0 1 0 0 0  113.43  111.8  99.95    
0 0 0 1 0  1 1 0 0 1  0 1 0 0 0  1 0 0 0 0  111.8  86.25  159.02    
1 1 0 0 1  0 1 0 0 0  1 0 0 0 0  0 0 1 0 0  86.25  87.42  65.74    
0 1 0 0 0  1 0 0 0 0  0 0 1 0 0  1 0 0 1 0  87.42  105.56  27.12    
1 0 0 0 0  0 0 1 0 0  1 0 0 1 0  0 0 1 0 0  105.56  111.21  63.19    
0 0 1 0 0  1 0 0 1 0  0 0 1 0 0  1 1 1 1 0  111.21  135.45  173.27    
1 0 0 1 0  0 0 1 0 0  1 1 1 1 0  0 1 1 1 0  135.45  96.36  5.88    
0 0 1 0 0  1 1 1 1 0  0 1 1 1 0  0 0 1 0 0  96.36  104.23  50.94    
1 1 1 1 0  0 1 1 1 0  0 0 1 0 0  1 0 0 0 0  104.23  102.56  147.52    
0 1 1 1 0  0 0 1 0 0  1 0 0 0 0  1 0 0 1 0  102.56  128.15  79.64    
0 0 1 0 0  1 0 0 0 0  1 0 0 1 0  1 0 0 0 0  128.15  118.68  114.62    
1 0 0 0 0  1 0 0 1 0  1 0 0 0 0  1 1 1 0 0  118.68  111.27  139.6    
1 0 0 1 0  1 0 0 0 0  1 1 1 0 0  1 0 0 0 0  111.27  94.12  150.76    
1 0 0 0 0  1 1 1 0 0  1 0 0 0 0  1 0 0 0 1  94.12  92.94  56.12    
1 1 1 0 0  1 0 0 0 0  1 0 0 0 1  1 0 0 0 1  92.94  59.11  158.96    
1 0 0 0 0  1 0 0 0 1  1 0 0 0 1  0 1 0 0 0  59.11  77.18  83.01    
1 0 0 0 1  1 0 0 0 1  0 1 0 0 0  0 1 1 0 0  77.18  94.62  161.78    
1 0 0 0 1  0 1 0 0 0  0 1 1 0 0  1 1 1 0 1  94.62  93.5  51.39    
0 1 0 0 0  0 1 1 0 0  1 1 1 0 1  1 1 1 1 1  93.5  92.91  49.53    
0 1 1 0 0  1 1 1 0 1  1 1 1 1 1  0 1 0 0 0  92.91  95.33  43.97    
1 1 1 0 1  1 1 1 1 1  0 1 0 0 0  1 1 1 1 1  95.33  89.7  50.94    
1 1 1 1 1  0 1 0 0 0  1 1 1 1 1  1 0 0 0 0  89.7  90.38  52.67    
0 1 0 0 0  1 1 1 1 1  1 0 0 0 0  0 1 0 0 0  90.38  89.55  47.27    
1 1 1 1 1  1 0 0 0 0  0 1 0 0 0  1 1 0 0 1  89.55  93.13  51.0    
1 0 0 0 0  0 1 0 0 0  1 1 0 0 1  1 0 0 1 0  93.13  91.78  64.57    
0 1 0 0 0  1 1 0 0 1  1 0 0 1 0  0 1 0 0 0  91.78  91.56  53.46    
1 1 0 0 1  1 0 0 1 0  0 1 0 0 0  1 1 1 1 0  91.56  93.08  46.97    
1 0 0 1 0  0 1 0 0 0  1 1 1 1 0  1 1 0 0 1  93.08  107.96  56.22    
0 1 0 0 0  1 1 1 1 0  1 1 0 0 1  0 1 1 0 1  107.96  116.79  158.12    
1 1 1 1 0  1 1 0 0 1  0 1 1 0 1  0 1 1 1 0  116.79  94.47  14.1    
1 1 0 0 1  0 1 1 0 1  0 1 1 1 0  1 1 0 0 1  94.47  112.43  124.06    
0 1 1 0 1  0 1 1 1 0  1 1 0 0 1  1 0 0 0 1  112.43  110.61  145.3    
0 1 1 1 0  1 1 0 0 1  1 0 0 0 1  1 1 1 1 1  110.61  118.82  166.59    
1 1 0 0 1  1 0 0 0 1  1 1 1 1 1  0 1 0 0 0  118.82  123.31  171.77    
1 0 0 0 1  1 1 1 1 1  0 1 0 0 0  1 1 1 1 1  123.31  119.71  165.89    
1 1 1 1 1  0 1 0 0 0  1 1 1 1 1  0 0 0 0 1  119.71  128.81  179.39    
0 1 0 0 0  1 1 1 1 1  0 0 0 0 1  1 1 1 0 1  128.81  110.99  159.94    
1 1 1 1 1  0 0 0 0 1  1 1 1 0 1  1 1 1 1 1  110.99  90.79  173.42    
0 0 0 0 1  1 1 1 0 1  1 1 1 1 1  0 0 0 0 1  90.79  92.69  71.47    
1 1 1 0 1  1 1 1 1 1  0 0 0 0 1  0 1 1 0 1  92.69  105.49  0.45    
1 1 1 1 1  0 0 0 0 1  0 1 1 0 1  1 1 1 0 1  105.49  95.3  110.38    
0 0 0 0 1  0 1 1 0 1  1 1 1 0 1  1 0 0 0 0  95.3  112.95  151.89    
0 1 1 0 1  1 1 1 0 1  1 0 0 0 0  0 0 0 0 1  112.95  139.08  177.28    
1 1 1 0 1  1 0 0 0 0  0 0 0 0 1  1 0 1 0 0  139.08  135.67  172.45    
1 0 0 0 0  0 0 0 0 1  1 0 1 0 0  1 0 0 1 0  135.67  120.9  153.78    
0 0 0 0 1  1 0 1 0 0  1 0 0 1 0  1 0 1 0 0  120.9  115.27  173.06    
1 0 1 0 0  1 0 0 1 0  1 0 1 0 0  1 1 1 0 0  115.27  121.3  156.14    
1 0 0 1 0  1 0 1 0 0  1 1 1 0 0  1 0 0 0 0  121.3  118.36  174.43    
1 0 1 0 0  1 1 1 0 0  1 0 0 0 0  0 1 1 0 1  118.36  105.48  171.73    
  
0 0 0 0 1  1 1 0 0 0  0 1 0 0 0  0 0 1 0 0  131.45  115.8  144.1    
1 1 0 0 0  0 1 0 0 0  0 0 1 0 0  1 0 0 0 0  115.8  124.69  151.05    
0 1 0 0 0  0 0 1 0 0  1 0 0 0 0  1 0 0 0 0  124.69  88.28  113.7    
0 0 1 0 0  1 0 0 0 0  1 0 0 0 0  1 1 0 0 0  88.28  90.39  54.27    
1 0 0 0 0  1 0 0 0 0  1 1 0 0 0  1 0 0 0 1  90.39  91.35  49.6    
1 0 0 0 0  1 1 0 0 0  1 0 0 0 1  0 1 1 0 0  91.35  92.45  49.29    
1 1 0 0 0  1 0 0 0 1  0 1 1 0 0  1 0 0 0 0  92.45  89.2  53.26    
1 0 0 0 1  0 1 1 0 0  1 0 0 0 0  1 0 0 1 0  89.2  91.88  51.64    
0 1 1 0 0  1 0 0 0 0  1 0 0 1 0  1 1 1 0 1  91.88  87.7  47.33    
1 0 0 0 0  1 0 0 1 0  1 1 1 0 1  1 0 0 0 0  87.7  91.52  52.02    
1 0 0 1 0  1 1 1 0 1  1 0 0 0 0  0 1 1 0 0  91.52  89.9  50.41    
1 1 1 0 1  1 0 0 0 0  0 1 1 0 0  1 0 0 1 0  89.9  91.59  48.55    
1 0 0 0 0  0 1 1 0 0  1 0 0 1 0  1 1 0 0 1  91.59  89.67  51.95    
0 1 1 0 0  1 0 0 1 0  1 1 0 0 1  0 1 0 0 0  89.67  93.1  53.93    
1 0 0 1 0  1 1 0 0 1  0 1 0 0 0  1 0 0 1 0  93.1  89.27  57.77    
1 1 0 0 1  0 1 0 0 0  1 0 0 1 0  0 0 0 0 1  89.27  92.3  42.67    
0 1 0 0 0  1 0 0 1 0  0 0 0 0 1  1 1 1 0 1  92.3  93.33  75.42    
1 0 0 1 0  0 0 0 0 1  1 1 1 0 1  0 0 0 0 1  93.33  97.51  174.23    
0 0 0 0 1  1 1 1 0 1  0 0 0 0 1  0 1 1 0 1  97.51  94.98  42.21    
1 1 1 0 1  0 0 0 0 1  0 1 1 0 1  0 0 0 0 1  94.98  95.14  126.79    
0 0 0 0 1  0 1 1 0 1  0 0 0 0 1  0 1 1 0 1  95.14  93.84  132.4    
0 1 1 0 1  0 0 0 0 1  0 1 1 0 1  0 0 1 0 0  93.84  98.11  103.84    
0 0 0 0 1  0 1 1 0 1  0 0 1 0 0  1 0 0 0 1  98.11  138.14  81.35    
0 1 1 0 1  0 0 1 0 0  1 0 0 0 1  0 0 1 0 0  138.14  116.5  135.55    
0 0 1 0 0  1 0 0 0 1  0 0 1 0 0  0 0 1 0 0  116.5  129.88  165.63    
1 0 0 0 1  0 0 1 0 0  0 0 1 0 0  1 1 1 0 1  129.88  88.53  104.12    
0 0 1 0 0  0 0 1 0 0  1 1 1 0 1  1 0 0 0 0  88.53  94.56  53.57    
0 0 1 0 0  1 1 1 0 1  1 0 0 0 0  0 1 0 0 0  94.56  90.17  47.66    
1 1 1 0 1  1 0 0 0 0  0 1 0 0 0  0 1 1 0 1  90.17  90.37  48.23    
1 0 0 0 0  0 1 0 0 0  0 1 1 0 1  0 0 1 0 0  90.37  92.2  49.55    
0 1 0 0 0  0 1 1 0 1  0 0 1 0 0  0 1 1 1 0  92.2  94.52  50.26    
0 1 1 0 1  0 0 1 0 0  0 1 1 1 0  1 1 0 1 0  94.52  94.65  44.75    
0 0 1 0 0  0 1 1 1 0  1 1 0 1 0  1 1 1 1 1  94.65  92.13  50.15    
0 1 1 1 0  1 1 0 1 0  1 1 1 1 1  1 1 0 0 1  92.13  90.92  49.02    
1 1 0 1 0  1 1 1 1 1  1 1 0 0 1  0 1 0 0 0  90.92  88.88  55.43    
1 1 1 1 1  1 1 0 0 1  0 1 0 0 0  0 1 1 0 1  88.88  92.11  50.5    
1 1 0 0 1  0 1 0 0 0  0 1 1 0 1  1 1 0 0 0  92.11  103.34  93.58    
0 1 0 0 0  0 1 1 0 1  1 1 0 0 0  1 1 1 1 0  103.34  127.98  121.44    
0 1 1 0 1  1 1 0 0 0  1 1 1 1 0  0 0 0 1 0  127.98  112.37  154.16    
1 1 0 0 0  1 1 1 1 0  0 0 0 1 0  0 0 1 0 0  112.37  118.78  177.58    
1 1 1 1 0  0 0 0 1 0  0 0 1 0 0  1 0 0 0 0  118.78  119.94  126.61    
0 0 0 1 0  0 0 1 0 0  1 0 0 0 0  0 1 1 0 0  119.94  90.57  105.6    
0 0 1 0 0  1 0 0 0 0  0 1 1 0 0  1 0 0 0 0  90.57  91.02  53.99    
1 0 0 0 0  0 1 1 0 0  1 0 0 0 0  0 1 0 0 0  91.02  93.15  48.97    
0 1 1 0 0  1 0 0 0 0  0 1 0 0 0  1 1 0 0 0  93.15  91.3  49.1    
1 0 0 0 0  0 1 0 0 0  1 1 0 0 0  0 0 0 0 1  91.3  91.66  47.63    
0 1 0 0 0  1 1 0 0 0  0 0 0 0 1  1 1 0 1 0  91.66  92.07  47.91    
1 1 0 0 0  0 0 0 0 1  1 1 0 1 0  1 0 0 0 1  92.07  91.67  52.2    
0 0 0 0 1  1 1 0 1 0  1 0 0 0 1  1 1 1 1 0  91.67  91.95  43.64    
1 1 0 1 0  1 0 0 0 1  1 1 1 1 0  1 0 0 0 0  91.95  93.15  52.14    
1 0 0 0 1  1 1 1 1 0  1 0 0 0 0  0 1 1 1 0  93.15  89.58  56.58    
1 1 1 1 0  1 0 0 0 0  0 1 1 1 0  0 0 0 0 1  89.58  99.34  34.2    
1 0 0 0 0  0 1 1 1 0  0 0 0 0 1  0 1 1 0 0  99.34  99.16  95.28    
0 1 1 1 0  0 0 0 0 1  0 1 1 0 0  0 0 0 0 1  99.16  97.31  172.76    
0 0 0 0 1  0 1 1 0 0  0 0 0 0 1  0 1 1 0 1  97.31  95.45  43.57    
0 1 1 0 0  0 0 0 0 1  0 1 1 0 1  1 1 1 1 0  95.45  100.77  127.56    
0 0 0 0 1  0 1 1 0 1  1 1 1 1 0  0 1 1 0 1  100.77  90.14  129.02    
0 1 1 0 1  1 1 1 1 0  0 1 1 0 1  0 0 1 0 0  90.14  100.74  108.78    
1 1 1 1 0  0 1 1 0 1  0 0 1 0 0  1 0 0 0 1  100.74  136.88  74.7    
0 1 1 0 1  0 0 1 0 0  1 0 0 0 1  0 0 0 0 1  136.88  121.59  112.67    
0 0 1 0 0  1 0 0 0 1  0 0 0 0 1  1 0 0 1 0  121.59  124.82  169.84    
1 0 0 0 1  0 0 0 0 1  1 0 0 1 0  0 0 0 1 0  124.82  96.57  97.39    
0 0 0 0 1  1 0 0 1 0  0 0 0 1 0  1 0 0 0 0  96.57  88.61  55.84    
1 0 0 1 0  0 0 0 1 0  1 0 0 0 0  1 0 0 1 0  88.61  90.99  44.98    
0 0 0 1 0  1 0 0 0 0  1 0 0 1 0  0 1 0 0 0  90.99  89.62  49.05    
1 0 0 0 0  1 0 0 1 0  0 1 0 0 0  0 0 1 0 0  89.62  90.23  50.88    
1 0 0 1 0  0 1 0 0 0  0 0 1 0 0  1 1 0 1 0  90.23  91.53  54.5    
0 1 0 0 0  0 0 1 0 0  1 1 0 1 0  1 1 0 1 0  91.53  94.3  44.61    
0 0 1 0 0  1 1 0 1 0  1 1 0 1 0  0 1 1 0 0  94.3  94.45  47.56    
1 1 0 1 0  1 1 0 1 0  0 1 1 0 0  1 1 1 1 1  94.45  90.16  48.41    
1 1 0 1 0  0 1 1 0 0  1 1 1 1 1  1 1 1 0 1  90.16  95.73  49.4    
0 1 1 0 0  1 1 1 1 1  1 1 1 0 1  1 0 0 0 0  95.73  172.43  20.6    
1 1 1 1 1  1 1 1 0 1  1 0 0 0 0  1 0 0 0 1  172.43  101.27  38.46    
1 1 1 0 1  1 0 0 0 0  1 0 0 0 1  1 1 1 1 1  101.27  89.08  176.13    
1 0 0 0 0  1 0 0 0 1  1 1 1 1 1  1 0 0 0 0  89.08  93.05  62.84    
1 0 0 0 1  1 1 1 1 1  1 0 0 0 0  0 1 1 0 0  93.05  88.61  50.74    
1 1 1 1 1  1 0 0 0 0  0 1 1 0 0  1 0 0 1 0  88.61  91.3  48.52    
1 0 0 0 0  0 1 1 0 0  1 0 0 1 0  1 1 1 1 1  91.3  88.0  56.34    
0 1 1 0 0  1 0 0 1 0  1 1 1 1 1  0 1 1 1 0  88.0  91.96  55.73    
1 0 0 1 0  1 1 1 1 1  0 1 1 1 0  1 0 0 1 0  91.96  89.92  57.68    
1 1 1 1 1  0 1 1 1 0  1 0 0 1 0  0 0 0 0 1  89.92  97.12  38.42    
0 1 1 1 0  1 0 0 1 0  0 0 0 0 1  1 1 1 0 1  97.12  93.93  66.53    
1 0 0 1 0  0 0 0 0 1  1 1 1 0 1  0 0 0 0 1  93.93  97.1  172.05    
0 0 0 0 1  1 1 1 0 1  0 0 0 0 1  0 1 1 0 1  97.1  89.91  43.98    
1 1 1 0 1  0 0 0 0 1  0 1 1 0 1  1 1 1 1 0  89.91  94.71  134.09    
0 0 0 0 1  0 1 1 0 1  1 1 1 1 0  0 1 1 0 1  94.71  90.2  132.76    
0 1 1 0 1  1 1 1 1 0  0 1 1 0 1  1 1 1 0 0  90.2  96.9  107.12    
1 1 1 1 0  0 1 1 0 1  1 1 1 0 0  1 0 0 0 1  96.9  127.25  93.83    
0 1 1 0 1  1 1 1 0 0  1 0 0 0 1  1 1 0 0 1  127.25  107.27  142.69    
1 1 1 0 0  1 0 0 0 1  1 1 0 0 1  0 1 1 0 0  107.27  125.96  160.22    
1 0 0 0 1  1 1 0 0 1  0 1 1 0 0  0 1 1 0 0  125.96  88.53  109.64    
1 1 0 0 1  0 1 1 0 0  0 1 1 0 0  1 0 0 0 0  88.53  91.25  54.63    
0 1 1 0 0  0 1 1 0 0  1 0 0 0 0  0 1 0 0 0  91.25  91.25  48.46    
0 1 1 0 0  1 0 0 0 0  0 1 0 0 0  1 1 1 1 1  91.25  91.7  47.96    
1 0 0 0 0  0 1 0 0 0  1 1 1 1 1  1 0 1 0 0  91.7  89.7  49.99    
0 1 0 0 0  1 1 1 1 1  1 0 1 0 0  1 1 0 1 0  89.7  64.75  84.03    
1 1 1 1 1  1 0 1 0 0  1 1 0 1 0  0 0 1 0 0  64.75  68.78  112.72    
1 0 1 0 0  1 1 0 1 0  0 0 1 0 0  1 1 1 1 0  68.78  90.81  83.27    
1 1 0 1 0  0 0 1 0 0  1 1 1 1 0  0 1 0 0 0  90.81  83.79  58.91    
0 0 1 0 0  1 1 1 1 0  0 1 0 0 0  0 1 1 0 1  83.79  88.76  54.96    
1 1 1 1 0  0 1 0 0 0  0 1 1 0 1  1 0 0 0 0  88.76  94.08  109.96    
0 1 0 0 0  0 1 1 0 1  1 0 0 0 0  1 1 1 0 1  94.08  125.27  146.84    
0 1 1 0 1  1 0 0 0 0  1 1 1 0 1  0 1 0 0 0  125.27  112.63  138.08    
1 0 0 0 0  1 1 1 0 1  0 1 0 0 0  0 0 1 0 0  112.63  135.99  164.98    
1 1 1 0 1  0 1 0 0 0  0 0 1 0 0  0 0 0 0 1  135.99  121.3  135.62    
0 1 0 0 0  0 0 1 0 0  0 0 0 0 1  1 0 0 0 0  121.3  90.36  108.69    
0 0 1 0 0  0 0 0 0 1  1 0 0 0 0  1 0 0 0 0  90.36  89.42  53.33    
0 0 0 0 1  1 0 0 0 0  1 0 0 0 0  0 1 1 1 0  89.42  93.82  53.2    
1 0 0 0 0  1 0 0 0 0  0 1 1 1 0  0 0 0 0 1  93.82  89.22  47.36    
1 0 0 0 0  0 1 1 1 0  0 0 0 0 1  1 0 0 0 0  89.22  90.94  50.19    
0 1 1 1 0  0 0 0 0 1  1 0 0 0 0  1 1 0 1 0  90.94  88.46  54.99    
0 0 0 0 1  1 0 0 0 0  1 1 0 1 0  1 0 0 0 1  88.46  91.74  49.43    
1 0 0 0 0  1 1 0 1 0  1 0 0 0 1  1 1 1 1 1  91.74  90.01  48.67    
1 1 0 1 0  1 0 0 0 1  1 1 1 1 1  1 0 0 0 0  90.01  91.45  49.51    
1 0 0 0 1  1 1 1 1 1  1 0 0 0 0  0 1 1 0 0  91.45  91.57  57.07    
1 1 1 1 1  1 0 0 0 0  0 1 1 0 0  0 0 0 0 1  91.57  97.27  33.39    
1 0 0 0 0  0 1 1 0 0  0 0 0 0 1  1 0 0 0 1  97.27  108.43  100.27    
0 1 1 0 0  0 0 0 0 1  1 0 0 0 1  0 0 0 0 1  108.43  103.29  164.92    
0 0 0 0 1  1 0 0 0 1  0 0 0 0 1  0 1 1 0 1  103.29  92.64  41.19    
1 0 0 0 1  0 0 0 0 1  0 1 1 0 1  0 0 0 0 1  92.64  102.06  124.68    
0 0 0 0 1  0 1 1 0 1  0 0 0 0 1  0 1 1 0 1  102.06  88.96  129.41    
0 1 1 0 1  0 0 0 0 1  0 1 1 0 1  1 1 0 0 0  88.96  94.65  111.59    
0 0 0 0 1  0 1 1 0 1  1 1 0 0 0  0 1 1 1 0  94.65  135.59  87.2    
0 1 1 0 1  1 1 0 0 0  0 1 1 1 0  1 1 1 1 0  135.59  116.81  120.67    
1 1 0 0 0  0 1 1 1 0  1 1 1 1 0  1 1 1 0 0  116.81  126.83  169.18    
0 1 1 1 0  1 1 1 1 0  1 1 1 0 0  1 0 0 0 0  126.83  94.76  93.25    
1 1 1 1 0  1 1 1 0 0  1 0 0 0 0  1 0 0 0 0  94.76  91.0  52.18    
1 1 1 0 0  1 0 0 0 0  1 0 0 0 0  1 0 0 1 0  91.0  90.06  47.06    
1 0 0 0 0  1 0 0 0 0  1 0 0 1 0  0 1 1 1 0  90.06  90.1  51.67    
1 0 0 0 0  1 0 0 1 0  0 1 1 1 0  1 1 0 0 0  90.1  91.79  48.03    
1 0 0 1 0  0 1 1 1 0  1 1 0 0 0  1 1 0 1 0  91.79  91.01  51.74    
0 1 1 1 0  1 1 0 0 0  1 1 0 1 0  1 1 0 1 0  91.01  90.18  56.63    
1 1 0 0 0  1 1 0 1 0  1 1 0 1 0  0 0 1 0 0  90.18  98.42  40.1    
1 1 0 1 0  1 1 0 1 0  0 0 1 0 0  1 0 0 1 0  98.42  41.65  56.76    
1 1 0 1 0  0 0 1 0 0  1 0 0 1 0  1 1 1 1 0  41.65  13.48  151.06    
0 0 1 0 0  1 0 0 1 0  1 1 1 1 0  0 1 1 0 0  13.48  106.84  22.82    
1 0 0 1 0  1 1 1 1 0  0 1 1 0 0  1 1 1 1 1  106.84  94.89  173.69    
1 1 1 1 0  0 1 1 0 0  1 1 1 1 1  1 1 1 1 1  94.89  93.46  50.01    
0 1 1 0 0  1 1 1 1 1  1 1 1 1 1  1 1 1 0 1  93.46  92.57  48.34    
1 1 1 1 1  1 1 1 1 1  1 1 1 0 1  0 1 0 0 0  92.57  93.48  47.46    
1 1 1 1 1  1 1 1 0 1  0 1 0 0 0  1 1 1 0 1  93.48  98.95  41.27    
1 1 1 0 1  0 1 0 0 0  1 1 1 0 1  0 1 1 0 1  98.95  91.09  42.05    
0 1 0 0 0  1 1 1 0 1  0 1 1 0 1  0 1 1 0 0  91.09  90.1  55.04    
1 1 1 0 1  0 1 1 0 1  0 1 1 0 0  1 0 0 0 1  90.1  92.7  45.89    
0 1 1 0 1  0 1 1 0 0  1 0 0 0 1  0 1 0 0 0  92.7  91.7  50.48    
0 1 1 0 0  1 0 0 0 1  0 1 0 0 0  0 0 1 0 0  91.7  89.89  52.41    
1 0 0 0 1  0 1 0 0 0  0 0 1 0 0  0 0 1 0 0  89.89  90.14  53.05    
0 1 0 0 0  0 0 1 0 0  0 0 1 0 0  1 1 0 1 0  90.14  91.79  48.19    
0 0 1 0 0  0 0 1 0 0  1 1 0 1 0  0 1 0 0 0  91.79  90.69  51.42    
0 0 1 0 0  1 1 0 1 0  0 1 0 0 0  0 1 1 0 0  90.69  94.61  44.25    
1 1 0 1 0  0 1 0 0 0  0 1 1 0 0  0 0 1 0 0  94.61  91.7  51.0    
0 1 0 0 0  0 1 1 0 0  0 0 1 0 0  1 1 1 1 1  91.7  91.43  43.4    
0 1 1 0 0  0 0 1 0 0  1 1 1 1 1  0 0 0 0 1  91.43  123.78  42.63    
0 0 1 0 0  1 1 1 1 1  0 0 0 0 1  1 1 0 0 0  123.78  92.71  50.53    
1 1 1 1 1  0 0 0 0 1  1 1 0 0 0  0 1 0 0 0  92.71  130.01  83.85    
0 0 0 0 1  1 1 0 0 0  0 1 0 0 0  0 0 1 0 0  130.01  119.08  133.15    
1 1 0 0 0  0 1 0 0 0  0 0 1 0 0  1 0 0 0 0  119.08  125.44  151.06    
0 1 0 0 0  0 0 1 0 0  1 0 0 0 0  1 0 0 0 0  125.44  89.07  111.51    
0 0 1 0 0  1 0 0 0 0  1 0 0 0 0  1 1 0 0 0  89.07  91.24  52.21    
1 0 0 0 0  1 0 0 0 0  1 1 0 0 0  1 0 0 0 1  91.24  91.08  49.95    
1 0 0 0 0  1 1 0 0 0  1 0 0 0 1  0 1 1 0 0  91.08  90.45  48.99    
1 1 0 0 0  1 0 0 0 1  0 1 1 0 0  1 0 0 0 0  90.45  90.69  53.66    
1 0 0 0 1  0 1 1 0 0  1 0 0 0 0  1 0 0 1 0  90.69  91.66  51.26    
0 1 1 0 0  1 0 0 0 0  1 0 0 1 0  1 1 1 0 1  91.66  89.28  48.01    
1 0 0 0 0  1 0 0 1 0  1 1 1 0 1  1 0 0 0 0  89.28  90.64  51.36    
1 0 0 1 0  1 1 1 0 1  1 0 0 0 0  0 1 1 0 0  90.64  90.05  50.76    
1 1 1 0 1  1 0 0 0 0  0 1 1 0 0  1 0 0 1 0  90.05  90.41  48.22    
1 0 0 0 0  0 1 1 0 0  1 0 0 1 0  1 1 0 0 1  90.41  90.24  52.35    
0 1 1 0 0  1 0 0 1 0  1 1 0 0 1  0 1 0 0 0  90.24  92.85  54.1    
1 0 0 1 0  1 1 0 0 1  0 1 0 0 0  1 0 0 1 0  92.85  89.72  58.23    
1 1 0 0 1  0 1 0 0 0  1 0 0 1 0  0 0 0 0 1  89.72  92.12  42.96    
0 1 0 0 0  1 0 0 1 0  0 0 0 0 1  1 1 1 0 1  92.12  93.98  75.92    
1 0 0 1 0  0 0 0 0 1  1 1 1 0 1  0 0 0 0 1  93.98  96.18  171.84    
0 0 0 0 1  1 1 1 0 1  0 0 0 0 1  0 1 1 0 1  96.18  92.85  42.57    
1 1 1 0 1  0 0 0 0 1  0 1 1 0 1  0 0 0 0 1  92.85  93.96  131.4    
0 0 0 0 1  0 1 1 0 1  0 0 0 0 1  0 1 1 0 1  93.96  92.94  133.7    
0 1 1 0 1  0 0 0 0 1  0 1 1 0 1  0 0 1 0 0  92.94  98.27  102.49    
0 0 0 0 1  0 1 1 0 1  0 0 1 0 0  1 0 0 0 1  98.27  138.1  83.63    
0 1 1 0 1  0 0 1 0 0  1 0 0 0 1  0 0 1 0 0  138.1  115.53  134.95    
0 0 1 0 0  1 0 0 0 1  0 0 1 0 0  0 0 1 0 0  115.53  129.94  165.93    
1 0 0 0 1  0 0 1 0 0  0 0 1 0 0  1 1 1 0 1  129.94  87.61  106.66    
0 0 1 0 0  0 0 1 0 0  1 1 1 0 1  1 0 0 0 0  87.61  95.06  53.57    
0 0 1 0 0  1 1 1 0 1  1 0 0 0 0  0 1 0 0 0  95.06  90.23  46.99    
1 1 1 0 1  1 0 0 0 0  0 1 0 0 0  0 1 1 0 1  90.23  91.45  49.35    
1 0 0 0 0  0 1 0 0 0  0 1 1 0 1  0 0 1 0 0  91.45  91.44  48.0    
0 1 0 0 0  0 1 1 0 1  0 0 1 0 0  0 1 1 1 0  91.44  94.66  51.73    
0 1 1 0 1  0 0 1 0 0  0 1 1 1 0  1 1 0 1 0  94.66  94.43  43.82    
0 0 1 0 0  0 1 1 1 0  1 1 0 1 0  1 1 1 1 1  94.43  92.75  50.18    
0 1 1 1 0  1 1 0 1 0  1 1 1 1 1  1 1 0 0 1  92.75  89.75  49.05    
1 1 0 1 0  1 1 1 1 1  1 1 0 0 1  0 1 0 0 0  89.75  89.42  56.58    
1 1 1 1 1  1 1 0 0 1  0 1 0 0 0  0 1 1 0 1  89.42  92.96  50.44    
1 1 0 0 1  0 1 0 0 0  0 1 1 0 1  1 1 0 0 0  92.96  102.37  91.57    
0 1 0 0 0  0 1 1 0 1  1 1 0 0 0  1 1 1 1 0  102.37  128.67  120.02    
0 1 1 0 1  1 1 0 0 0  1 1 1 1 0  0 0 0 1 0  128.67  112.88  157.15    
1 1 0 0 0  1 1 1 1 0  0 0 0 1 0  0 0 1 0 0  112.88  118.5  176.83    
1 1 1 1 0  0 0 0 1 0  0 0 1 0 0  1 0 0 0 0  118.5  121.65  123.56    
0 0 0 1 0  0 0 1 0 0  1 0 0 0 0  0 1 1 0 0  121.65  91.72  103.63    
0 0 1 0 0  1 0 0 0 0  0 1 1 0 0  1 0 0 0 0  91.72  91.14  50.49    
1 0 0 0 0  0 1 1 0 0  1 0 0 0 0  0 1 0 0 0  91.14  92.33  51.84    
0 1 1 0 0  1 0 0 0 0  0 1 0 0 0  1 1 0 0 0  92.33  91.78  47.66    
1 0 0 0 0  0 1 0 0 0  1 1 0 0 0  0 0 0 0 1  91.78  91.34  47.94    
0 1 0 0 0  1 1 0 0 0  0 0 0 0 1  1 1 0 1 0  91.34  92.89  48.45    
1 1 0 0 0  0 0 0 0 1  1 1 0 1 0  1 0 0 0 1  92.89  91.09  51.34    
0 0 0 0 1  1 1 0 1 0  1 0 0 0 1  1 1 1 1 0  91.09  92.16  44.2    
1 1 0 1 0  1 0 0 0 1  1 1 1 1 0  1 0 0 0 0  92.16  92.83  51.58    
1 0 0 0 1  1 1 1 1 0  1 0 0 0 0  0 1 1 1 0  92.83  90.68  57.85    
1 1 1 1 0  1 0 0 0 0  0 1 1 1 0  0 0 0 0 1  90.68  97.41  34.0    
1 0 0 0 0  0 1 1 1 0  0 0 0 0 1  0 1 1 0 0  97.41  97.76  100.41    
0 1 1 1 0  0 0 0 0 1  0 1 1 0 0  0 0 0 0 1  97.76  95.2  172.66    
0 0 0 0 1  0 1 1 0 0  0 0 0 0 1  0 1 1 0 1  95.2  97.22  39.76    
0 1 1 0 0  0 0 0 0 1  0 1 1 0 1  1 1 1 1 0  97.22  100.8  128.98    
0 0 0 0 1  0 1 1 0 1  1 1 1 1 0  0 1 1 0 1  100.8  90.76  129.05    
0 1 1 0 1  1 1 1 1 0  0 1 1 0 1  0 0 1 0 0  90.76  101.74  106.15    
1 1 1 1 0  0 1 1 0 1  0 0 1 0 0  1 0 0 0 1  101.74  137.4  73.45    
0 1 1 0 1  0 0 1 0 0  1 0 0 0 1  0 0 0 0 1  137.4  120.39  112.98    
0 0 1 0 0  1 0 0 0 1  0 0 0 0 1  1 0 0 1 0  120.39  124.17  169.9    
1 0 0 0 1  0 0 0 0 1  1 0 0 1 0  0 0 0 1 0  124.17  96.78  96.69    
0 0 0 0 1  1 0 0 1 0  0 0 0 1 0  1 0 0 0 0  96.78  89.55  55.85    
1 0 0 1 0  0 0 0 1 0  1 0 0 0 0  1 0 0 1 0  89.55  89.93  44.5    
0 0 0 1 0  1 0 0 0 0  1 0 0 1 0  0 1 0 0 0  89.93  90.3  49.45    
1 0 0 0 0  1 0 0 1 0  0 1 0 0 0  0 0 1 0 0  90.3  90.26  49.64    
1 0 0 1 0  0 1 0 0 0  0 0 1 0 0  1 1 0 1 0  90.26  91.1  54.5    
0 1 0 0 0  0 0 1 0 0  1 1 0 1 0  1 1 0 1 0  91.1  94.6  45.08    
0 0 1 0 0  1 1 0 1 0  1 1 0 1 0  0 1 1 0 0  94.6  94.19  48.23    
1 1 0 1 0  1 1 0 1 0  0 1 1 0 0  1 1 1 1 1  94.19  89.46  47.99    
1 1 0 1 0  0 1 1 0 0  1 1 1 1 1  1 1 1 0 1  89.46  118.31  80.65    
0 1 1 0 0  1 1 1 1 1  1 1 1 0 1  1 1 0 1 0  118.31  97.81  21.05    
1 1 1 1 1  1 1 1 0 1  1 1 0 1 0  1 0 0 0 0  97.81  94.44  141.22    
1 1 1 0 1  1 1 0 1 0  1 0 0 0 0  1 0 0 0 0  94.44  69.41  75.27    
1 1 0 1 0  1 0 0 0 0  1 0 0 0 0  1 0 0 0 1  69.41  91.69  91.59    
1 0 0 0 0  1 0 0 0 0  1 0 0 0 1  1 1 1 1 1  91.69  91.97  66.12    
1 0 0 0 0  1 0 0 0 1  1 1 1 1 1  1 0 0 0 0  91.97  92.54  57.07    
1 0 0 0 1  1 1 1 1 1  1 0 0 0 0  0 1 1 0 0  92.54  89.07  52.65    
1 1 1 1 1  1 0 0 0 0  0 1 1 0 0  1 0 0 1 0  89.07  91.03  47.16    
1 0 0 0 0  0 1 1 0 0  1 0 0 1 0  1 1 1 1 1  91.03  89.44  58.1    
0 1 1 0 0  1 0 0 1 0  1 1 1 1 1  0 1 1 1 0  89.44  92.8  54.85    
1 0 0 1 0  1 1 1 1 1  0 1 1 1 0  1 0 0 1 0  92.8  89.76  57.33    
1 1 1 1 1  0 1 1 1 0  1 0 0 1 0  0 0 0 0 1  89.76  96.94  39.35    
0 1 1 1 0  1 0 0 1 0  0 0 0 0 1  1 1 1 0 1  96.94  94.53  65.34    
1 0 0 1 0  0 0 0 0 1  1 1 1 0 1  0 0 0 0 1  94.53  97.99  172.98    
0 0 0 0 1  1 1 1 0 1  0 0 0 0 1  0 1 1 0 1  97.99  90.49  45.01    
1 1 1 0 1  0 0 0 0 1  0 1 1 0 1  1 1 1 1 0  90.49  95.42  132.32    
0 0 0 0 1  0 1 1 0 1  1 1 1 1 0  0 1 1 0 1  95.42  89.85  131.51    
0 1 1 0 1  1 1 1 1 0  0 1 1 0 1  1 1 1 0 0  89.85  95.85  108.3    
1 1 1 1 0  0 1 1 0 1  1 1 1 0 0  1 0 0 0 1  95.85  126.43  96.04    
0 1 1 0 1  1 1 1 0 0  1 0 0 0 1  1 1 0 0 1  126.43  106.81  144.38    
1 1 1 0 0  1 0 0 0 1  1 1 0 0 1  0 1 1 0 0  106.81  126.13  161.57    
1 0 0 0 1  1 1 0 0 1  0 1 1 0 0  0 1 1 0 0  126.13  88.93  108.05    
1 1 0 0 1  0 1 1 0 0  0 1 1 0 0  1 0 0 0 0  88.93  91.24  55.0    
0 1 1 0 0  0 1 1 0 0  1 0 0 0 0  0 1 0 0 0  91.24  91.81  48.32    
0 1 1 0 0  1 0 0 0 0  0 1 0 0 0  1 1 1 1 1  91.81  91.11  47.64    
1 0 0 0 0  0 1 0 0 0  1 1 1 1 1  1 0 1 0 0  91.11  89.79  50.63    
0 1 0 0 0  1 1 1 1 1  1 0 1 0 0  1 1 0 1 0  89.79  64.42  83.98    
1 1 1 1 1  1 0 1 0 0  1 1 0 1 0  0 0 1 0 0  64.42  69.01  112.92    
1 0 1 0 0  1 1 0 1 0  0 0 1 0 0  1 1 1 1 0  69.01  90.0  82.97    
1 1 0 1 0  0 0 1 0 0  1 1 1 1 0  0 1 0 0 0  90.0  83.68  58.0    
0 0 1 0 0  1 1 1 1 0  0 1 0 0 0  0 1 1 0 1  83.68  87.67  55.05    
1 1 1 1 0  0 1 0 0 0  0 1 1 0 1  1 0 0 0 0  87.67  92.13  110.47    
0 1 0 0 0  0 1 1 0 1  1 0 0 0 0  1 1 1 0 1  92.13  124.61  149.74    
0 1 1 0 1  1 0 0 0 0  1 1 1 0 1  0 1 0 0 0  124.61  111.76  139.41    
1 0 0 0 0  1 1 1 0 1  0 1 0 0 0  0 0 1 0 0  111.76  136.02  163.96    
1 1 1 0 1  0 1 0 0 0  0 0 1 0 0  0 0 0 0 1  136.02  120.76  135.89    
0 1 0 0 0  0 0 1 0 0  0 0 0 0 1  1 0 0 0 0  120.76  89.36  108.83    
0 0 1 0 0  0 0 0 0 1  1 0 0 0 0  1 0 0 0 0  89.36  89.96  54.32    
0 0 0 0 1  1 0 0 0 0  1 0 0 0 0  0 1 1 1 0  89.96  93.33  52.47    
1 0 0 0 0  1 0 0 0 0  0 1 1 1 0  0 0 0 0 1  93.33  89.54  47.99    
1 0 0 0 0  0 1 1 1 0  0 0 0 0 1  1 0 0 0 0  89.54  91.18  50.24    
0 1 1 1 0  0 0 0 0 1  1 0 0 0 0  1 1 0 1 0  91.18  88.84  54.66    
0 0 0 0 1  1 0 0 0 0  1 1 0 1 0  1 0 0 0 1  88.84  91.85  49.93    
1 0 0 0 0  1 1 0 1 0  1 0 0 0 1  1 1 1 1 1  91.85  90.02  48.35    
1 1 0 1 0  1 0 0 0 1  1 1 1 1 1  1 0 0 0 0  90.02  91.66  49.66    
1 0 0 0 1  1 1 1 1 1  1 0 0 0 0  0 1 1 0 0  91.66  91.68  57.04    
1 1 1 1 1  1 0 0 0 0  0 1 1 0 0  0 0 0 0 1  91.68  97.09  32.99    
1 0 0 0 0  0 1 1 0 0  0 0 0 0 1  1 0 0 0 1  97.09  107.4  100.19    
0 1 1 0 0  0 0 0 0 1  1 0 0 0 1  0 0 0 0 1  107.4  102.23  166.13    
0 0 0 0 1  1 0 0 0 1  0 0 0 0 1  0 1 1 0 1  102.23  94.62  41.39    
1 0 0 0 1  0 0 0 0 1  0 1 1 0 1  0 0 0 0 1  94.62  101.14  123.17    
0 0 0 0 1  0 1 1 0 1  0 0 0 0 1  0 1 1 0 1  101.14  89.67  129.32    
0 1 1 0 1  0 0 0 0 1  0 1 1 0 1  1 1 0 0 0  89.67  94.38  112.38    
0 0 0 0 1  0 1 1 0 1  1 1 0 0 0  0 1 1 1 0  94.38  136.1  86.45    
0 1 1 0 1  1 1 0 0 0  0 1 1 1 0  1 1 1 1 0  136.1  116.38  120.2    
1 1 0 0 0  0 1 1 1 0  1 1 1 1 0  1 1 1 0 0  116.38  127.28  168.59    
0 1 1 1 0  1 1 1 1 0  1 1 1 0 0  1 0 0 0 0  127.28  95.15  94.85    
1 1 1 1 0  1 1 1 0 0  1 0 0 0 0  1 0 0 0 0  95.15  90.61  51.39    
1 1 1 0 0  1 0 0 0 0  1 0 0 0 0  1 0 0 1 0  90.61  89.08  47.29    
1 0 0 0 0  1 0 0 0 0  1 0 0 1 0  0 1 1 1 0  89.08  90.44  52.46    
1 0 0 0 0  1 0 0 1 0  0 1 1 1 0  1 1 0 0 0  90.44  92.5  47.26    
1 0 0 1 0  0 1 1 1 0  1 1 0 0 0  1 1 0 1 0  92.5  89.47  52.69    
0 1 1 1 0  1 1 0 0 0  1 1 0 1 0  1 1 0 1 0  89.47  90.98  57.08    
1 1 0 0 0  1 1 0 1 0  1 1 0 1 0  0 0 1 0 0  90.98  97.45  41.02    
1 1 0 1 0  1 1 0 1 0  0 0 1 0 0  1 0 0 1 0  97.45  43.25  56.74    
1 1 0 1 0  0 0 1 0 0  1 0 0 1 0  1 1 1 1 0  43.25  13.54  149.84    
0 0 1 0 0  1 0 0 1 0  1 1 1 1 0  0 1 1 0 0  13.54  105.86  21.24    
1 0 0 1 0  1 1 1 1 0  0 1 1 0 0  1 1 1 1 1  105.86  94.57  173.73    
1 1 1 1 0  0 1 1 0 0  1 1 1 1 1  1 1 1 1 1  94.57  93.75  49.97    
0 1 1 0 0  1 1 1 1 1  1 1 1 1 1  1 1 1 0 1  93.75  91.13  48.09    
1 1 1 1 1  1 1 1 1 1  1 1 1 0 1  0 1 0 0 0  91.13  94.1  47.43    
1 1 1 1 1  1 1 1 0 1  0 1 0 0 0  1 1 1 0 1  94.1  97.87  41.18    
1 1 1 0 1  0 1 0 0 0  1 1 1 0 1  0 1 1 0 1  97.87  91.68  42.29    
0 1 0 0 0  1 1 1 0 1  0 1 1 0 1  0 1 1 0 0  91.68  88.88  55.17    
1 1 1 0 1  0 1 1 0 1  0 1 1 0 0  1 0 0 0 1  88.88  93.64  46.18    
0 1 1 0 1  0 1 1 0 0  1 0 0 0 1  0 1 0 0 0  93.64  91.43  49.49    
0 1 1 0 0  1 0 0 0 1  0 1 0 0 0  0 0 1 0 0  91.43  90.61  53.05    
1 0 0 0 1  0 1 0 0 0  0 0 1 0 0  0 0 1 0 0  90.61  90.1  51.7    
0 1 0 0 0  0 0 1 0 0  0 0 1 0 0  1 1 0 1 0  90.1  91.88  48.31    
0 0 1 0 0  0 0 1 0 0  1 1 0 1 0  0 1 0 0 0  91.88  90.54  50.74    
0 0 1 0 0  1 1 0 1 0  0 1 0 0 0  0 1 1 0 0  90.54  94.54  44.28    
1 1 0 1 0  0 1 0 0 0  0 1 1 0 0  0 0 1 0 0  94.54  93.85  50.58    
0 1 0 0 0  0 1 1 0 0  0 0 1 0 0  1 1 1 1 1  93.85  94.06  43.93    
0 1 1 0 0  0 0 1 0 0  1 1 1 1 1  1 1 1 1 0  94.06  108.94  47.41    
0 0 1 0 0  1 1 1 1 1  1 1 1 1 0  1 0 0 1 0  108.94  110.76  101.3    
1 1 1 1 1  1 1 1 1 0  1 0 0 1 0  0 0 0 0 1  110.76  147.06  109.11    
1 1 1 1 0  1 0 0 1 0  0 0 0 0 1  1 1 0 0 0  147.06  34.72  103.52    
1 0 0 1 0  0 0 0 0 1  1 1 0 0 0  0 1 0 0 0  34.72  124.65  119.54    
0 0 0 0 1  1 1 0 0 0  0 1 0 0 0  0 0 1 0 0  124.65  110.04  99.07    
1 1 0 0 0  0 1 0 0 0  0 0 1 0 0  1 0 0 0 0  110.04  120.53  145.31    
0 1 0 0 0  0 0 1 0 0  1 0 0 0 0  1 0 0 0 0  120.53  89.34  119.17    
0 0 1 0 0  1 0 0 0 0  1 0 0 0 0  1 1 0 0 0  89.34  89.25  57.87    
1 0 0 0 0  1 0 0 0 0  1 1 0 0 0  1 0 0 0 1  89.25  90.43  51.55    
1 0 0 0 0  1 1 0 0 0  1 0 0 0 1  0 1 1 0 0  90.43  92.87  50.29    
1 1 0 0 0  1 0 0 0 1  0 1 1 0 0  1 0 0 0 0  92.87  87.16  46.16    
1 0 0 0 1  0 1 1 0 0  1 0 0 0 0  1 0 0 1 0  87.16  92.03  52.56    
0 1 1 0 0  1 0 0 0 0  1 0 0 1 0  1 1 1 0 1  92.03  85.21  43.96    
1 0 0 0 0  1 0 0 1 0  1 1 1 0 1  1 0 0 0 0  85.21  89.74  61.55    
1 0 0 1 0  1 1 1 0 1  1 0 0 0 0  0 1 1 0 0  89.74  93.27  47.26    
1 1 1 0 1  1 0 0 0 0  0 1 1 0 0  1 0 0 1 0  93.27  86.69  51.8    
1 0 0 0 0  0 1 1 0 0  1 0 0 1 0  1 1 0 0 1  86.69  93.29  50.49    
0 1 1 0 0  1 0 0 1 0  1 1 0 0 1  0 1 0 0 0  93.29  88.86  55.04    
1 0 0 1 0  1 1 0 0 1  0 1 0 0 0  1 0 0 1 0  88.86  91.47  60.22    
1 1 0 0 1  0 1 0 0 0  1 0 0 1 0  0 0 0 0 1  91.47  95.54  39.51    
0 1 0 0 0  1 0 0 1 0  0 0 0 0 1  1 1 1 0 1  95.54  90.68  71.55    
1 0 0 1 0  0 0 0 0 1  1 1 1 0 1  0 0 0 0 1  90.68  97.11  170.97    
0 0 0 0 1  1 1 1 0 1  0 0 0 0 1  0 1 1 0 1  97.11  91.82  43.08    
1 1 1 0 1  0 0 0 0 1  0 1 1 0 1  0 0 0 0 1  91.82  102.17  129.57    
0 0 0 0 1  0 1 1 0 1  0 0 0 0 1  0 1 1 0 1  102.17  93.82  129.1    
0 1 1 0 1  0 0 0 0 1  0 1 1 0 1  0 0 1 0 0  93.82  100.11  100.86    
0 0 0 0 1  0 1 1 0 1  0 0 1 0 0  1 0 0 0 1  100.11  134.4  91.09    
0 1 1 0 1  0 0 1 0 0  1 0 0 0 1  0 0 1 0 0  134.4  114.2  140.32    
0 0 1 0 0  1 0 0 0 1  0 0 1 0 0  0 0 1 0 0  114.2  127.4  164.42    
1 0 0 0 1  0 0 1 0 0  0 0 1 0 0  1 1 1 0 1  127.4  86.7  107.79    
0 0 1 0 0  0 0 1 0 0  1 1 1 0 1  1 0 0 0 0  86.7  93.65  52.73    
0 0 1 0 0  1 1 1 0 1  1 0 0 0 0  0 1 0 0 0  93.65  84.28  47.32    
1 1 1 0 1  1 0 0 0 0  0 1 0 0 0  0 1 1 0 1  84.28  96.25  52.93    
1 0 0 0 0  0 1 0 0 0  0 1 1 0 1  0 0 1 0 0  96.25  91.26  44.07    
0 1 0 0 0  0 1 1 0 1  0 0 1 0 0  0 1 1 1 0  91.26  92.57  59.8    
0 1 1 0 1  0 0 1 0 0  0 1 1 1 0  1 1 0 1 0  92.57  92.82  39.7    
0 0 1 0 0  0 1 1 1 0  1 1 0 1 0  1 1 1 1 1  92.82  94.14  47.93    
0 1 1 1 0  1 1 0 1 0  1 1 1 1 1  1 1 0 0 1  94.14  89.22  52.11    
1 1 0 1 0  1 1 1 1 1  1 1 0 0 1  0 1 0 0 0  89.22  91.3  50.34    
1 1 1 1 1  1 1 0 0 1  0 1 0 0 0  0 1 1 0 1  91.3  95.96  65.3    
1 1 0 0 1  0 1 0 0 0  0 1 1 0 1  1 1 0 0 0  95.96  97.72  92.58    
0 1 0 0 0  0 1 1 0 1  1 1 0 0 0  1 1 1 1 0  97.72  131.39  114.5    
0 1 1 0 1  1 1 0 0 0  1 1 1 1 0  0 0 0 1 0  131.39  104.73  155.9    
1 1 0 0 0  1 1 1 1 0  0 0 0 1 0  0 0 1 0 0  104.73  117.49  173.71    
1 1 1 1 0  0 0 0 1 0  0 0 1 0 0  1 0 0 0 0  117.49  124.88  120.27    
0 0 0 1 0  0 0 1 0 0  1 0 0 0 0  0 1 1 0 0  124.88  90.0  105.21    
0 0 1 0 0  1 0 0 0 0  0 1 1 0 0  1 0 0 0 0  90.0  89.3  51.61    
1 0 0 0 0  0 1 1 0 0  1 0 0 0 0  0 1 0 0 0  89.3  88.71  52.27    
0 1 1 0 0  1 0 0 0 0  0 1 0 0 0  1 1 0 0 0  88.71  90.14  46.27    
1 0 0 0 0  0 1 0 0 0  1 1 0 0 0  0 0 0 0 1  90.14  94.33  50.83    
0 1 0 0 0  1 1 0 0 0  0 0 0 0 1  1 1 0 1 0  94.33  89.63  47.8    
1 1 0 0 0  0 0 0 0 1  1 1 0 1 0  1 0 0 0 1  89.63  88.96  56.3    
0 0 0 0 1  1 1 0 1 0  1 0 0 0 1  1 1 1 1 0  88.96  94.03  45.86    
1 1 0 1 0  1 0 0 0 1  1 1 1 1 0  1 0 0 0 0  94.03  91.31  54.92    
1 0 0 0 1  1 1 1 1 0  1 0 0 0 0  0 1 1 1 0  91.31  92.63  59.24    
1 1 1 1 0  1 0 0 0 0  0 1 1 1 0  0 0 0 0 1  92.63  104.45  26.73    
1 0 0 0 0  0 1 1 1 0  0 0 0 0 1  0 1 1 0 0  104.45  99.73  96.72    
0 1 1 1 0  0 0 0 0 1  0 1 1 0 0  0 0 0 0 1  99.73  87.82  167.46    
0 0 0 0 1  0 1 1 0 0  0 0 0 0 1  0 1 1 0 1  87.82  97.62  59.38    
0 1 1 0 0  0 0 0 0 1  0 1 1 0 1  1 1 1 1 0  97.62  85.8  137.47    
0 0 0 0 1  0 1 1 0 1  1 1 1 1 0  0 1 1 0 1  85.8  88.85  127.74    
0 1 1 0 1  1 1 1 1 0  0 1 1 0 1  0 0 1 0 0  88.85  93.45  115.63    
1 1 1 1 0  0 1 1 0 1  0 0 1 0 0  1 0 0 0 1  93.45  139.1  65.57    
0 1 1 0 1  0 0 1 0 0  1 0 0 0 1  0 0 0 0 1  139.1  126.14  107.64    
0 0 1 0 0  1 0 0 0 1  0 0 0 0 1  1 0 0 1 0  126.14  120.93  169.96    
1 0 0 0 1  0 0 0 0 1  1 0 0 1 0  0 0 0 1 0  120.93  95.7  98.17    
0 0 0 0 1  1 0 0 1 0  0 0 0 1 0  1 0 0 0 0  95.7  89.38  60.58    
1 0 0 1 0  0 0 0 1 0  1 0 0 0 0  1 0 0 1 0  89.38  92.14  41.08    
0 0 0 1 0  1 0 0 0 0  1 0 0 1 0  0 1 0 0 0  92.14  88.38  51.18    
1 0 0 0 0  1 0 0 1 0  0 1 0 0 0  0 0 1 0 0  88.38  93.42  47.53    
1 0 0 1 0  0 1 0 0 0  0 0 1 0 0  1 1 0 1 0  93.42  90.68  53.55    
0 1 0 0 0  0 0 1 0 0  1 1 0 1 0  1 1 0 1 0  90.68  93.88  47.42    
0 0 1 0 0  1 1 0 1 0  1 1 0 1 0  0 1 1 0 0  93.88  95.01  45.65    
1 1 0 1 0  1 1 0 1 0  0 1 1 0 0  1 1 1 1 1  95.01  92.78  55.89    
1 1 0 1 0  0 1 1 0 0  1 1 1 1 1  1 1 1 0 1  92.78  92.39  51.72    
0 1 1 0 0  1 1 1 1 1  1 1 1 0 1  1 1 0 1 0  92.39  100.92  91.11    
1 1 1 1 1  1 1 1 0 1  1 1 0 1 0  1 0 0 0 0  100.92  80.63  177.01    
1 1 1 0 1  1 1 0 1 0  1 0 0 0 0  1 0 0 0 1  80.63  105.9  108.4    
1 1 0 1 0  1 0 0 0 0  1 0 0 0 1  1 1 1 1 1  105.9  85.1  164.62    
1 0 0 0 0  1 0 0 0 1  1 1 1 1 1  1 0 0 0 0  85.1  88.3  84.96    
1 0 0 0 1  1 1 1 1 1  1 0 0 0 0  0 1 1 0 0  88.3  109.01  42.0    
1 1 1 1 1  1 0 0 0 0  0 1 1 0 0  1 0 0 1 0  109.01  92.36  52.73    
1 0 0 0 0  0 1 1 0 0  1 0 0 1 0  1 1 1 1 1  92.36  91.43  59.55    
0 1 1 0 0  1 0 0 1 0  1 1 1 1 1  0 1 1 1 0  91.43  93.01  52.65    
1 0 0 1 0  1 1 1 1 1  0 1 1 1 0  1 0 0 1 0  93.01  89.57  56.93    
1 1 1 1 1  0 1 1 1 0  1 0 0 1 0  0 0 0 0 1  89.57  93.21  40.96    
0 1 1 1 0  1 0 0 1 0  0 0 0 0 1  1 1 1 0 1  93.21  94.34  65.81    
1 0 0 1 0  0 0 0 0 1  1 1 1 0 1  0 0 0 0 1  94.34  100.87  170.34    
0 0 0 0 1  1 1 1 0 1  0 0 0 0 1  0 1 1 0 1  100.87  89.56  40.92    
1 1 1 0 1  0 0 0 0 1  0 1 1 0 1  1 1 1 1 0  89.56  104.52  129.23    
0 0 0 0 1  0 1 1 0 1  1 1 1 1 0  0 1 1 0 1  104.52  91.26  133.72    
0 1 1 0 1  1 1 1 1 0  0 1 1 0 1  1 1 1 0 0  91.26  95.74  105.3    
1 1 1 1 0  0 1 1 0 1  1 1 1 0 0  1 0 0 0 1  95.74  129.53  94.82    
0 1 1 0 1  1 1 1 0 0  1 0 0 0 1  1 1 0 0 1  129.53  107.06  138.74    
1 1 1 0 0  1 0 0 0 1  1 1 0 0 1  0 1 1 0 0  107.06  125.35  161.0    
1 0 0 0 1  1 1 0 0 1  0 1 1 0 0  0 1 1 0 0  125.35  86.0  109.26    
1 1 0 0 1  0 1 1 0 0  0 1 1 0 0  1 0 0 0 0  86.0  92.23  56.57    
0 1 1 0 0  0 1 1 0 0  1 0 0 0 0  0 1 0 0 0  92.23  91.98  46.48    
0 1 1 0 0  1 0 0 0 0  0 1 0 0 0  1 1 1 1 1  91.98  90.66  48.14    
1 0 0 0 0  0 1 0 0 0  1 1 1 1 1  1 0 1 0 0  90.66  90.68  51.03    
0 1 0 0 0  1 1 1 1 1  1 0 1 0 0  1 1 0 1 0  90.68  65.32  89.64    
1 1 1 1 1  1 0 1 0 0  1 1 0 1 0  0 0 1 0 0  65.32  65.3  114.69    
1 0 1 0 0  1 1 0 1 0  0 0 1 0 0  1 1 1 1 0  65.3  86.92  82.33    
1 1 0 1 0  0 0 1 0 0  1 1 1 1 0  0 1 0 0 0  86.92  89.25  59.87    
0 0 1 0 0  1 1 1 1 0  0 1 0 0 0  0 1 1 0 1  89.25  98.82  44.06    
1 1 1 1 0  0 1 0 0 0  0 1 1 0 1  1 0 0 0 0  98.82  92.21  103.45    
0 1 0 0 0  0 1 1 0 1  1 0 0 0 0  1 1 1 0 1  92.21  106.72  137.38    
0 1 1 0 1  1 0 0 0 0  1 1 1 0 1  0 1 0 0 0  106.72  101.82  163.05    
1 0 0 0 0  1 1 1 0 1  0 1 0 0 0  0 0 1 0 0  101.82  123.05  166.69    
1 1 1 0 1  0 1 0 0 0  0 0 1 0 0  0 0 0 0 1  123.05  125.57  111.06    
0 1 0 0 0  0 0 1 0 0  0 0 0 0 1  1 0 0 0 0  125.57  88.11  105.72    
0 0 1 0 0  0 0 0 0 1  1 0 0 0 0  1 0 0 0 0  88.11  93.83  53.22    
0 0 0 0 1  1 0 0 0 0  1 0 0 0 0  0 1 1 1 0  93.83  93.48  48.32    
1 0 0 0 0  1 0 0 0 0  0 1 1 1 0  0 0 0 0 1  93.48  88.84  48.03    
1 0 0 0 0  0 1 1 1 0  0 0 0 0 1  1 0 0 0 0  88.84  93.26  50.51    
0 1 1 1 0  0 0 0 0 1  1 0 0 0 0  1 1 0 1 0  93.26  90.01  57.84    
0 0 0 0 1  1 0 0 0 0  1 1 0 1 0  1 0 0 0 1  90.01  90.95  54.13    
1 0 0 0 0  1 1 0 1 0  1 0 0 0 1  1 1 1 1 1  90.95  91.66  49.56    
1 1 0 1 0  1 0 0 0 1  1 1 1 1 1  1 0 0 0 0  91.66  90.1  48.65    
1 0 0 0 1  1 1 1 1 1  1 0 0 0 0  0 1 1 0 0  90.1  89.12  55.81    
1 1 1 1 1  1 0 0 0 0  0 1 1 0 0  0 0 0 0 1  89.12  100.38  32.68    
1 0 0 0 0  0 1 1 0 0  0 0 0 0 1  1 0 0 0 1  100.38  101.98  98.58    
0 1 1 0 0  0 0 0 0 1  1 0 0 0 1  0 0 0 0 1  101.98  97.74  164.15    
0 0 0 0 1  1 0 0 0 1  0 0 0 0 1  0 1 1 0 1  97.74  91.59  41.49    
1 0 0 0 1  0 0 0 0 1  0 1 1 0 1  0 0 0 0 1  91.59  100.28  126.45    
0 0 0 0 1  0 1 1 0 1  0 0 0 0 1  0 1 1 0 1  100.28  91.49  134.29    
0 1 1 0 1  0 0 0 0 1  0 1 1 0 1  1 1 0 0 0  91.49  94.85  110.27    
0 0 0 0 1  0 1 1 0 1  1 1 0 0 0  0 1 1 1 0  94.85  136.03  74.33    
0 1 1 0 1  1 1 0 0 0  0 1 1 1 0  1 1 1 1 0  136.03  116.45  109.06    
1 1 0 0 0  0 1 1 1 0  1 1 1 1 0  1 1 1 0 0  116.45  127.93  167.64    
0 1 1 1 0  1 1 1 1 0  1 1 1 0 0  1 0 0 0 0  127.93  100.62  94.0    
1 1 1 1 0  1 1 1 0 0  1 0 0 0 0  1 0 0 0 0  100.62  87.09  49.39    
1 1 1 0 0  1 0 0 0 0  1 0 0 0 0  1 0 0 1 0  87.09  90.78  48.24    
1 0 0 0 0  1 0 0 0 0  1 0 0 1 0  0 1 1 1 0  90.78  90.85  56.43    
1 0 0 0 0  1 0 0 1 0  0 1 1 1 0  1 1 0 0 0  90.85  97.92  45.87    
1 0 0 1 0  0 1 1 1 0  1 1 0 0 0  1 1 0 1 0  97.92  84.82  55.33    
0 1 1 1 0  1 1 0 0 0  1 1 0 1 0  1 1 0 1 0  84.82  87.66  65.19    
1 1 0 0 0  1 1 0 1 0  1 1 0 1 0  0 0 1 0 0  87.66  94.96  49.18    
1 1 0 1 0  1 1 0 1 0  0 0 1 0 0  1 0 0 1 0  94.96  58.22  54.17    
1 1 0 1 0  0 0 1 0 0  1 0 0 1 0  1 1 1 1 0  58.22  14.02  118.37    
0 0 1 0 0  1 0 0 1 0  1 1 1 1 0  0 1 1 0 0  14.02  99.55  9.42    
1 0 0 1 0  1 1 1 1 0  0 1 1 0 0  1 1 1 1 1  99.55  92.0  173.26    
1 1 1 1 0  0 1 1 0 0  1 1 1 1 1  1 1 1 1 1  92.0  94.86  54.64    
0 1 1 0 0  1 1 1 1 1  1 1 1 1 1  1 1 1 0 1  94.86  92.64  41.43    
1 1 1 1 1  1 1 1 1 1  1 1 1 0 1  0 1 0 0 0  92.64  92.34  51.59    
1 1 1 1 1  1 1 1 0 1  0 1 0 0 0  1 1 1 0 1  92.34  96.16  40.77    
1 1 1 0 1  0 1 0 0 0  1 1 1 0 1  0 1 1 0 1  96.16  88.21  49.04    
0 1 0 0 0  1 1 1 0 1  0 1 1 0 1  0 1 1 0 0  88.21  87.89  50.62    
1 1 1 0 1  0 1 1 0 1  0 1 1 0 0  1 0 0 0 1  87.89  92.82  53.07    
0 1 1 0 1  0 1 1 0 0  1 0 0 0 1  0 1 0 0 0  92.82  89.52  48.55    
0 1 1 0 0  1 0 0 0 1  0 1 0 0 0  0 0 1 0 0  89.52  91.28  54.09    
1 0 0 0 1  0 1 0 0 0  0 0 1 0 0  0 0 1 0 0  91.28  89.85  54.26    
0 1 0 0 0  0 0 1 0 0  0 0 1 0 0  1 1 0 1 0  89.85  94.42  41.89    
0 0 1 0 0  0 0 1 0 0  1 1 0 1 0  0 1 0 0 0  94.42  88.55  59.75    
0 0 1 0 0  1 1 0 1 0  0 1 0 0 0  0 1 1 0 0  88.55  98.07  38.29    
1 1 0 1 0  0 1 0 0 0  0 1 1 0 0  0 0 1 0 0  98.07  86.25  54.52    
0 1 0 0 0  0 1 1 0 0  0 0 1 0 0  0 0 0 0 1  86.25  47.66  69.33    
0 1 1 0 0  0 0 1 0 0  0 0 0 0 1  1 1 0 0 0  47.66  98.96  24.32    
0 0 1 0 0  0 0 0 0 1  1 1 0 0 0  0 1 0 0 0  98.96  140.65  111.84    
0 0 0 0 1  1 1 0 0 0  0 1 0 0 0  0 0 1 0 0  140.65  111.29  43.06    
1 1 0 0 0  0 1 0 0 0  0 0 1 0 0  1 0 0 0 0  111.29  119.85  149.8    
0 1 0 0 0  0 0 1 0 0  1 0 0 0 0  1 0 0 0 0  119.85  91.61  118.61    
0 0 1 0 0  1 0 0 0 0  1 0 0 0 0  1 1 0 0 0  91.61  88.19  57.56    
1 0 0 0 0  1 0 0 0 0  1 1 0 0 0  1 0 0 0 1  88.19  90.41  51.44    
1 0 0 0 0  1 1 0 0 0  1 0 0 0 1  0 1 1 0 0  90.41  90.86  49.86    
1 1 0 0 0  1 0 0 0 1  0 1 1 0 0  1 0 0 0 0  90.86  88.8  48.11    
1 0 0 0 1  0 1 1 0 0  1 0 0 0 0  1 0 0 1 0  88.8  92.53  51.45    
0 1 1 0 0  1 0 0 0 0  1 0 0 1 0  1 1 1 0 1  92.53  86.88  45.22    
1 0 0 0 0  1 0 0 1 0  1 1 1 0 1  1 0 0 0 0  86.88  88.83  59.09    
1 0 0 1 0  1 1 1 0 1  1 0 0 0 0  0 1 1 0 0  88.83  92.54  50.31    
1 1 1 0 1  1 0 0 0 0  0 1 1 0 0  1 0 0 1 0  92.54  87.92  49.54    
1 0 0 0 0  0 1 1 0 0  1 0 0 1 0  1 1 0 0 1  87.92  94.01  55.84    
0 1 1 0 0  1 0 0 1 0  1 1 0 0 1  0 1 0 0 0  94.01  91.72  49.56    
1 0 0 1 0  1 1 0 0 1  0 1 0 0 0  1 0 0 1 0  91.72  85.8  62.46    
1 1 0 0 1  0 1 0 0 0  1 0 0 1 0  0 0 0 0 1  85.8  95.45  39.16    
0 1 0 0 0  1 0 0 1 0  0 0 0 0 1  1 1 1 0 1  95.45  93.8  69.94    
1 0 0 1 0  0 0 0 0 1  1 1 1 0 1  0 0 0 0 1  93.8  84.52  160.27    
0 0 0 0 1  1 1 1 0 1  0 0 0 0 1  0 1 1 0 1  84.52  96.75  59.03    
1 1 1 0 1  0 0 0 0 1  0 1 1 0 1  0 0 0 0 1  96.75  91.07  138.54    
0 0 0 0 1  0 1 1 0 1  0 0 0 0 1  0 1 1 0 1  91.07  93.66  123.14    
0 1 1 0 1  0 0 0 0 1  0 1 1 0 1  0 0 1 0 0  93.66  90.15  108.71    
0 0 0 0 1  0 1 1 0 1  0 0 1 0 0  1 0 0 0 1  90.15  135.73  94.91    
0 1 1 0 1  0 0 1 0 0  1 0 0 0 1  0 0 1 0 0  135.73  114.06  143.11    
0 0 1 0 0  1 0 0 0 1  0 0 1 0 0  0 0 1 0 0  114.06  130.28  162.46    
1 0 0 0 1  0 0 1 0 0  0 0 1 0 0  1 1 1 0 1  130.28  86.71  108.95    
0 0 1 0 0  0 0 1 0 0  1 1 1 0 1  1 0 0 0 0  86.71  92.98  54.95    
0 0 1 0 0  1 1 1 0 1  1 0 0 0 0  0 1 0 0 0  92.98  91.66  44.05    
1 1 1 0 1  1 0 0 0 0  0 1 0 0 0  0 1 1 0 1  91.66  90.03  56.08    
1 0 0 0 0  0 1 0 0 0  0 1 1 0 1  0 0 1 0 0  90.03  93.21  45.84    
0 1 0 0 0  0 1 1 0 1  0 0 1 0 0  0 1 1 1 0  93.21  92.95  55.85    
0 1 1 0 1  0 0 1 0 0  0 1 1 1 0  1 1 0 1 0  92.95  93.59  43.98    
0 0 1 0 0  0 1 1 1 0  1 1 0 1 0  1 1 1 1 1  93.59  94.64  47.55    
0 1 1 1 0  1 1 0 1 0  1 1 1 1 1  1 1 0 0 1  94.64  87.58  50.24    
1 1 0 1 0  1 1 1 1 1  1 1 0 0 1  0 1 0 0 0  87.58  89.14  50.87    
1 1 1 1 1  1 1 0 0 1  0 1 0 0 0  0 1 1 0 1  89.14  93.58  64.09    
1 1 0 0 1  0 1 0 0 0  0 1 1 0 1  1 1 0 0 0  93.58  100.09  92.47    
0 1 0 0 0  0 1 1 0 1  1 1 0 0 0  1 1 1 1 0  100.09  137.4  102.34    
0 1 1 0 1  1 1 0 0 0  1 1 1 1 0  0 0 0 1 0  137.4  111.35  146.39    
1 1 0 0 0  1 1 1 1 0  0 0 0 1 0  0 0 1 0 0  111.35  117.58  178.62    
1 1 1 1 0  0 0 0 1 0  0 0 1 0 0  1 0 0 0 0  117.58  124.71  120.34    
0 0 0 1 0  0 0 1 0 0  1 0 0 0 0  0 1 1 0 0  124.71  90.56  100.33    
0 0 1 0 0  1 0 0 0 0  0 1 1 0 0  1 0 0 0 0  90.56  93.01  51.66    
1 0 0 0 0  0 1 1 0 0  1 0 0 0 0  0 1 0 0 0  93.01  90.14  53.28    
0 1 1 0 0  1 0 0 0 0  0 1 0 0 0  1 1 0 0 0  90.14  89.59  44.3    
1 0 0 0 0  0 1 0 0 0  1 1 0 0 0  0 0 0 0 1  89.59  94.43  52.72    
0 1 0 0 0  1 1 0 0 0  0 0 0 0 1  1 1 0 1 0  94.43  88.66  44.89    
1 1 0 0 0  0 0 0 0 1  1 1 0 1 0  1 0 0 0 1  88.66  88.61  57.19    
0 0 0 0 1  1 1 0 1 0  1 0 0 0 1  1 1 1 1 0  88.61  93.53  43.47    
1 1 0 1 0  1 0 0 0 1  1 1 1 1 0  1 0 0 0 0  93.53  89.95  56.89    
1 0 0 0 1  1 1 1 1 0  1 0 0 0 0  0 1 1 1 0  89.95  94.27  58.12    
1 1 1 1 0  1 0 0 0 0  0 1 1 1 0  0 0 0 0 1  94.27  104.95  27.26    
1 0 0 0 0  0 1 1 1 0  0 0 0 0 1  0 1 1 0 0  104.95  95.28  96.6    
0 1 1 1 0  0 0 0 0 1  0 1 1 0 0  0 0 0 0 1  95.28  96.29  177.37    
0 0 0 0 1  0 1 1 0 0  0 0 0 0 1  0 1 1 0 1  96.29  95.64  41.4    
0 1 1 0 0  0 0 0 0 1  0 1 1 0 1  1 1 1 1 0  95.64  101.35  129.2    
0 0 0 0 1  0 1 1 0 1  1 1 1 1 0  0 1 1 0 1  101.35  89.52  133.2    
0 1 1 0 1  1 1 1 1 0  0 1 1 0 1  0 0 1 0 0  89.52  99.54  104.91    
1 1 1 1 0  0 1 1 0 1  0 0 1 0 0  1 0 0 0 1  99.54  139.76  72.94    
0 1 1 0 1  0 0 1 0 0  1 0 0 0 1  0 0 0 0 1  139.76  121.19  112.54    
0 0 1 0 0  1 0 0 0 1  0 0 0 0 1  1 0 0 1 0  121.19  121.74  169.89    
1 0 0 0 1  0 0 0 0 1  1 0 0 1 0  0 0 0 1 0  121.74  95.67  100.44    
0 0 0 0 1  1 0 0 1 0  0 0 0 1 0  1 0 0 0 0  95.67  87.53  56.45    
1 0 0 1 0  0 0 0 1 0  1 0 0 0 0  1 0 0 1 0  87.53  91.54  44.13    
0 0 0 1 0  1 0 0 0 0  1 0 0 1 0  0 1 0 0 0  91.54  89.24  48.7    
1 0 0 0 0  1 0 0 1 0  0 1 0 0 0  0 0 1 0 0  89.24  94.52  48.93    
1 0 0 1 0  0 1 0 0 0  0 0 1 0 0  1 1 0 1 0  94.52  90.2  53.15    
0 1 0 0 0  0 0 1 0 0  1 1 0 1 0  1 1 0 1 0  90.2  94.42  46.71    
0 0 1 0 0  1 1 0 1 0  1 1 0 1 0  0 1 1 0 0  94.42  94.97  47.32    
1 1 0 1 0  1 1 0 1 0  0 1 1 0 0  1 1 1 1 1  94.97  91.91  55.3    
1 1 0 1 0  0 1 1 0 0  1 1 1 1 1  1 1 1 0 1  91.91  92.91  54.81    
0 1 1 0 0  1 1 1 1 1  1 1 1 0 1  1 1 0 1 0  92.91  97.6  74.62    
1 1 1 1 1  1 1 1 0 1  1 1 0 1 0  1 0 0 0 0  97.6  76.96  175.98    
1 1 1 0 1  1 1 0 1 0  1 0 0 0 0  1 0 0 0 1  76.96  94.11  113.82    
1 1 0 1 0  1 0 0 0 0  1 0 0 0 1  1 1 1 1 1  94.11  86.7  172.21    
1 0 0 0 0  1 0 0 0 1  1 1 1 1 1  1 0 0 0 0  86.7  90.65  84.02    
1 0 0 0 1  1 1 1 1 1  1 0 0 0 0  0 1 1 0 0  90.65  101.92  51.13    
1 1 1 1 1  1 0 0 0 0  0 1 1 0 0  1 0 0 1 0  101.92  93.14  50.41    
1 0 0 0 0  0 1 1 0 0  1 0 0 1 0  1 1 1 1 1  93.14  90.57  55.81    
0 1 1 0 0  1 0 0 1 0  1 1 1 1 1  0 1 1 1 0  90.57  90.53  55.88    
1 0 0 1 0  1 1 1 1 1  0 1 1 1 0  1 0 0 1 0  90.53  91.36  57.2    
1 1 1 1 1  0 1 1 1 0  1 0 0 1 0  0 0 0 0 1  91.36  94.67  37.9    
0 1 1 1 0  1 0 0 1 0  0 0 0 0 1  1 1 1 0 1  94.67  93.67  66.57    
1 0 0 1 0  0 0 0 0 1  1 1 1 0 1  0 0 0 0 1  93.67  92.55  165.22    
0 0 0 0 1  1 1 1 0 1  0 0 0 0 1  0 1 1 0 1  92.55  94.86  56.26    
1 1 1 0 1  0 0 0 0 1  0 1 1 0 1  1 1 1 1 0  94.86  93.53  138.26    
0 0 0 0 1  0 1 1 0 1  1 1 1 1 0  0 1 1 0 1  93.53  87.94  119.91    
0 1 1 0 1  1 1 1 1 0  0 1 1 0 1  1 1 1 0 0  87.94  98.63  105.44    
1 1 1 1 0  0 1 1 0 1  1 1 1 0 0  1 0 0 0 1  98.63  132.27  97.73    
0 1 1 0 1  1 1 1 0 0  1 0 0 0 1  1 1 0 0 1  132.27  107.36  141.9    
1 1 1 0 0  1 0 0 0 1  1 1 0 0 1  0 1 1 0 0  107.36  126.79  163.62    
1 0 0 0 1  1 1 0 0 1  0 1 1 0 0  0 1 1 0 0  126.79  86.49  106.81    
1 1 0 0 1  0 1 1 0 0  0 1 1 0 0  1 0 0 0 0  86.49  90.71  57.32    
0 1 1 0 0  0 1 1 0 0  1 0 0 0 0  0 1 0 0 0  90.71  94.84  45.55    
0 1 1 0 0  1 0 0 0 0  0 1 0 0 0  1 1 1 1 1  94.84  89.01  44.76    
1 0 0 0 0  0 1 0 0 0  1 1 1 1 1  1 0 1 0 0  89.01  90.42  54.97    
0 1 0 0 0  1 1 1 1 1  1 0 1 0 0  1 1 0 1 0  90.42  68.85  86.88    
1 1 1 1 1  1 0 1 0 0  1 1 0 1 0  0 0 1 0 0  68.85  61.16  116.65    
1 0 1 0 0  1 1 0 1 0  0 0 1 0 0  1 1 1 1 0  61.16  88.78  87.2    
1 1 0 1 0  0 0 1 0 0  1 1 1 1 0  0 1 0 0 0  88.78  90.64  55.9    
0 0 1 0 0  1 1 1 1 0  0 1 0 0 0  0 1 1 0 1  90.64  99.16  48.38    
1 1 1 1 0  0 1 0 0 0  0 1 1 0 1  1 0 0 0 0  99.16  89.79  106.46    
0 1 0 0 0  0 1 1 0 1  1 0 0 0 0  1 1 1 0 1  89.79  103.28  132.02    
0 1 1 0 1  1 0 0 0 0  1 1 1 0 1  0 1 0 0 0  103.28  106.15  168.45    
1 0 0 0 0  1 1 1 0 1  0 1 0 0 0  0 0 1 0 0  106.15  126.43  166.48    
1 1 1 0 1  0 1 0 0 0  0 0 1 0 0  0 0 0 0 1  126.43  127.7  104.13    
0 1 0 0 0  0 0 1 0 0  0 0 0 0 1  1 0 0 0 0  127.7  86.33  105.27    
0 0 1 0 0  0 0 0 0 1  1 0 0 0 0  1 0 0 0 0  86.33  95.29  54.87    
0 0 0 0 1  1 0 0 0 0  1 0 0 0 0  0 1 1 1 0  95.29  92.9  45.48    
1 0 0 0 0  1 0 0 0 0  0 1 1 1 0  0 0 0 0 1  92.9  90.72  47.87    
1 0 0 0 0  0 1 1 1 0  0 0 0 0 1  1 0 0 0 0  90.72  90.48  48.76    
0 1 1 1 0  0 0 0 0 1  1 0 0 0 0  1 1 0 1 0  90.48  90.98  58.24    
0 0 0 0 1  1 0 0 0 0  1 1 0 1 0  1 0 0 0 1  90.98  88.86  52.13    
1 0 0 0 0  1 1 0 1 0  1 0 0 0 1  1 1 1 1 1  88.86  92.56  52.56    
1 1 0 1 0  1 0 0 0 1  1 1 1 1 1  1 0 0 0 0  92.56  90.8  48.11    
1 0 0 0 1  1 1 1 1 1  1 0 0 0 0  0 1 1 0 0  90.8  89.95  57.46    
1 1 1 1 1  1 0 0 0 0  0 1 1 0 0  0 0 0 0 1  89.95  101.71  31.29    
1 0 0 0 0  0 1 1 0 0  0 0 0 0 1  1 0 0 0 1  101.71  100.29  94.62    
0 1 1 0 0  0 0 0 0 1  1 0 0 0 1  0 0 0 0 1  100.29  97.45  165.5    
0 0 0 0 1  1 0 0 0 1  0 0 0 0 1  0 1 1 0 1  97.45  91.84  44.09    
1 0 0 0 1  0 0 0 0 1  0 1 1 0 1  0 0 0 0 1  91.84  100.45  125.69    
0 0 0 0 1  0 1 1 0 1  0 0 0 0 1  0 1 1 0 1  100.45  91.65  133.32    
0 1 1 0 1  0 0 0 0 1  0 1 1 0 1  1 1 0 0 0  91.65  94.85  109.02    
0 0 0 0 1  0 1 1 0 1  1 1 0 0 0  0 1 1 1 0  94.85  137.91  73.92    
0 1 1 0 1  1 1 0 0 0  0 1 1 1 0  1 1 1 1 0  137.91  115.89  110.98    
1 1 0 0 0  0 1 1 1 0  1 1 1 1 0  1 1 1 0 0  115.89  127.98  164.63    
0 1 1 1 0  1 1 1 1 0  1 1 1 0 0  1 0 0 0 0  127.98  98.45  88.86    
1 1 1 1 0  1 1 1 0 0  1 0 0 0 0  1 0 0 0 0  98.45  91.7  43.64    
1 1 1 0 0  1 0 0 0 0  1 0 0 0 0  1 0 0 1 0  91.7  86.55  53.19    
1 0 0 0 0  1 0 0 0 0  1 0 0 1 0  0 1 1 1 0  86.55  91.75  54.3    
1 0 0 0 0  1 0 0 1 0  0 1 1 1 0  1 1 0 0 0  91.75  96.66  47.12    
1 0 0 1 0  0 1 1 1 0  1 1 0 0 0  1 1 0 1 0  96.66  85.43  55.18    
0 1 1 1 0  1 1 0 0 0  1 1 0 1 0  1 1 0 1 0  85.43  87.94  65.31    
1 1 0 0 0  1 1 0 1 0  1 1 0 1 0  0 0 1 0 0  87.94  94.96  40.82    
1 1 0 1 0  1 1 0 1 0  0 0 1 0 0  1 0 0 1 0  94.96  53.59  53.1    
1 1 0 1 0  0 0 1 0 0  1 0 0 1 0  1 1 1 1 0  53.59  12.85  108.17    
0 0 1 0 0  1 0 0 1 0  1 1 1 1 0  0 1 1 0 0  12.85  102.45  13.95    
1 0 0 1 0  1 1 1 1 0  0 1 1 0 0  1 1 1 1 1  102.45  92.01  170.73    
1 1 1 1 0  0 1 1 0 0  1 1 1 1 1  1 1 1 1 1  92.01  93.97  54.83    
0 1 1 0 0  1 1 1 1 1  1 1 1 1 1  1 1 1 0 1  93.97  93.75  40.63    
1 1 1 1 1  1 1 1 1 1  1 1 1 0 1  0 1 0 0 0  93.75  92.45  51.94    
1 1 1 1 1  1 1 1 0 1  0 1 0 0 0  1 1 1 0 1  92.45  96.66  41.76    
1 1 1 0 1  0 1 0 0 0  1 1 1 0 1  0 1 1 0 1  96.66  88.65  49.45    
0 1 0 0 0  1 1 1 0 1  0 1 1 0 1  0 1 1 0 0  88.65  89.82  50.5    
1 1 1 0 1  0 1 1 0 1  0 1 1 0 0  1 0 0 0 1  89.82  91.17  51.53    
0 1 1 0 1  0 1 1 0 0  1 0 0 0 1  0 1 0 0 0  91.17  94.3  48.73    
0 1 1 0 0  1 0 0 0 1  0 1 0 0 0  0 0 1 0 0  94.3  88.38  49.39    
1 0 0 0 1  0 1 0 0 0  0 0 1 0 0  0 0 1 0 0  88.38  90.25  55.12    
0 1 0 0 0  0 0 1 0 0  0 0 1 0 0  1 1 0 1 0  90.25  92.8  42.28    
0 0 1 0 0  0 0 1 0 0  1 1 0 1 0  0 1 0 0 0  92.8  87.85  58.72    
0 0 1 0 0  1 1 0 1 0  0 1 0 0 0  0 1 1 0 0  87.85  97.62  45.5    
1 1 0 1 0  0 1 0 0 0  0 1 1 0 0  0 0 1 0 0  97.62  89.64  53.75    
